 1.00000000e+00  7.26927677e+01  1.00000000e+00 -7.70092651e-03 
 1.25892541e+00  7.26927677e+01  1.25892541e+00 -9.69510856e-03 
 1.58489319e+00  7.26927676e+01  1.58489319e+00 -1.22055905e-02 
 1.99526231e+00  7.26927675e+01  1.99526231e+00 -1.53660645e-02 
 2.51188643e+00  7.26927673e+01  2.51188643e+00 -1.93448373e-02 
 3.16227766e+00  7.26927670e+01  3.16227766e+00 -2.43537929e-02 
 3.98107171e+00  7.26927666e+01  3.98107171e+00 -3.06596761e-02 
 5.01187234e+00  7.26927658e+01  5.01187234e+00 -3.85982976e-02 
 6.30957344e+00  7.26927647e+01  6.30957344e+00 -4.85924167e-02 
 7.94328235e+00  7.26927628e+01  7.94328235e+00 -6.11742539e-02 
 1.00000000e+01  7.26927600e+01  1.00000000e+01 -7.70138329e-02 
 1.25892541e+01  7.26927554e+01  1.25892541e+01 -9.69546589e-02 
 1.58489319e+01  7.26927481e+01  1.58489319e+01 -1.22058633e-01 
 1.99526231e+01  7.26927366e+01  1.99526231e+01 -1.53662593e-01 
 2.51188643e+01  7.26927183e+01  2.51188643e+01 -1.93449482e-01 
 3.16227766e+01  7.26926894e+01  3.16227766e+01 -2.43537937e-01 
 3.98107171e+01  7.26926435e+01  3.98107171e+01 -3.06595025e-01 
 5.01187234e+01  7.26925708e+01  5.01187234e+01 -3.85978121e-01 
 6.30957344e+01  7.26924556e+01  6.30957344e+01 -4.85913374e-01 
 7.94328235e+01  7.26922730e+01  7.94328235e+01 -6.11720127e-01 
 1.00000000e+02  7.26919836e+01  1.00000000e+02 -7.70092915e-01 
 1.25892541e+02  7.26915250e+01  1.25892541e+02 -9.69455427e-01 
 1.58489319e+02  7.26907983e+01  1.58489319e+02 -1.22040402e+00 
 1.99526231e+02  7.26896468e+01  1.99526231e+02 -1.53626187e+00 
 2.51188643e+02  7.26878224e+01  2.51188643e+02 -1.93376835e+00 
 3.16227766e+02  7.26849325e+01  3.16227766e+02 -2.43393023e+00 
 3.98107171e+02  7.26803563e+01  3.98107171e+02 -3.06306052e+00 
 5.01187234e+02  7.26731133e+01  5.01187234e+02 -3.85402112e+00 
 6.30957344e+02  7.26616586e+01  6.30957344e+02 -4.84765910e+00 
 7.94328235e+02  7.26435658e+01  7.94328235e+02 -6.09436410e+00 
 1.00000000e+03  7.26150441e+01  1.00000000e+03 -7.65554439e+00 
 1.25892541e+03  7.25702205e+01  1.25892541e+03 -9.60456663e+00 
 1.58489319e+03  7.25001142e+01  1.58489319e+03 -1.20262502e+01 
 1.99526231e+03  7.23912706e+01  1.99526231e+03 -1.50132816e+01 
 2.51188643e+03  7.22241653e+01  2.51188643e+03 -1.86569785e+01 
 3.16227766e+03  7.19718268e+01  3.16227766e+03 -2.30292287e+01 
 3.98107171e+03  7.15997019e+01  3.98107171e+03 -2.81537012e+01 
 5.01187234e+03  7.10683561e+01  5.01187234e+03 -3.39701528e+01 
 6.30957344e+03  7.03402927e+01  6.30957344e+03 -4.03066844e+01 
 7.94328235e+03  6.93899284e+01  7.94328235e+03 -4.68838321e+01 
 1.00000000e+04  6.82122555e+01  1.00000000e+04 -5.33652441e+01 
 1.25892541e+04  6.68247076e+01  1.25892541e+04 -5.94380981e+01 
 1.58489319e+04  6.52609033e+01  1.58489319e+04 -6.48808623e+01 
 1.99526231e+04  6.35605209e+01  1.99526231e+04 -6.95872734e+01 
 2.51188643e+04  6.17607864e+01  2.51188643e+04 -7.35494062e+01 
 3.16227766e+04  5.98920662e+01  3.16227766e+04 -7.68228850e+01 
 3.98107171e+04  5.79769841e+01  3.98107171e+04 -7.94941102e+01 
 5.01187234e+04  5.60314250e+01  5.01187234e+04 -8.16576119e+01 
 6.30957344e+04  5.40661200e+01  6.30957344e+04 -8.34034205e+01 
 7.94328235e+04  5.20881397e+01  7.94328235e+04 -8.48114598e+01 
 1.00000000e+05  5.01020671e+01  1.00000000e+05 -8.59500344e+01 
 1.25892541e+05  4.81108399e+01  1.25892541e+05 -8.68763854e+01 
 1.58489319e+05  4.61163242e+01  1.58489319e+05 -8.76381289e+01 
 1.99526231e+05  4.41196925e+01  1.99526231e+05 -8.82749645e+01 
 2.51188643e+05  4.21216671e+01  2.51188643e+05 -8.88203668e+01 
 3.16227766e+05  4.01226723e+01  3.16227766e+05 -8.93031524e+01 
 3.98107171e+05  3.81229242e+01  3.98107171e+05 -8.97489022e+01 
 5.01187234e+05  3.61224770e+01  5.01187234e+05 -9.01812604e+01 
 6.30957344e+05  3.41212342e+01  6.30957344e+05 -9.06231476e+01 
 7.94328235e+05  3.21189288e+01  7.94328235e+05 -9.10979305e+01 
 1.00000000e+06  3.01150658e+01  1.00000000e+06 -9.16305844e+01 
 1.25892541e+06  2.81088184e+01  1.25892541e+06 -9.22488718e+01 
 1.58489319e+06  2.60988555e+01  1.58489319e+06 -9.29845259e+01 
 1.99526231e+06  2.40830704e+01  1.99526231e+06 -9.38743621e+01 
 2.51188643e+06  2.20581642e+01  2.51188643e+06 -9.49611103e+01 
 3.16227766e+06  2.00190295e+01  3.16227766e+06 -9.62935140e+01 
 3.98107171e+06  1.79578769e+01  3.98107171e+06 -9.79248084e+01 
 5.01187234e+06  1.58630973e+01  5.01187234e+06 -9.99080034e+01 
 6.30957344e+06  1.37179973e+01  6.30957344e+06 -1.02285533e+02 
 7.94328235e+06  1.14998923e+01  7.94328235e+06 -1.05070318e+02 
 1.00000000e+07  9.18061951e+00  1.00000000e+07 -1.08216691e+02 
 1.25892541e+07  6.73011800e+00  1.25892541e+07 -1.11585562e+02 
 1.58489319e+07  4.12443933e+00  1.58489319e+07 -1.14919803e+02 
 1.99526231e+07  1.35725062e+00  1.99526231e+07 -1.17856240e+02 
 2.51188643e+07 -1.54997762e+00  2.51188643e+07 -1.19993184e+02 
 3.16227766e+07 -4.54572304e+00  3.16227766e+07 -1.21000021e+02 
 3.98107171e+07 -7.55732080e+00  3.98107171e+07 -1.20722473e+02 
 5.01187234e+07 -1.05081656e+01  5.01187234e+07 -1.19235322e+02 
 6.30957344e+07 -1.33364509e+01  6.30957344e+07 -1.16819940e+02 
 7.94328235e+07 -1.60080950e+01  7.94328235e+07 -1.13876302e+02 
 1.00000000e+08 -1.85189798e+01  1.00000000e+08 -1.10809264e+02 
 1.25892541e+08 -2.08872456e+01  1.25892541e+08 -1.07940772e+02 
 1.58489319e+08 -2.31415142e+01  1.58489319e+08 -1.05477115e+02 
 1.99526231e+08 -2.53110996e+01  1.99526231e+08 -1.03523095e+02 
 2.51188643e+08 -2.74206560e+01  2.51188643e+08 -1.02116664e+02 
 3.16227766e+08 -2.94885377e+01  3.16227766e+08 -1.01262904e+02 
 3.98107171e+08 -3.15271462e+01  3.98107171e+08 -1.00958821e+02 
 5.01187234e+08 -3.35439041e+01  5.01187234e+08 -1.01208731e+02 
 6.30957344e+08 -3.55421219e+01  6.30957344e+08 -1.02032779e+02 
 7.94328235e+08 -3.75214573e+01  7.94328235e+08 -1.03470894e+02 
 1.00000000e+09 -3.94778760e+01  1.00000000e+09 -1.05583119e+02 
 1.25892541e+09 -4.14031292e+01  1.25892541e+09 -1.08445707e+02 
 1.58489319e+09 -4.32838760e+01  1.58489319e+09 -1.12140651e+02 
 1.99526231e+09 -4.51008015e+01  1.99526231e+09 -1.16734926e+02 
 2.51188643e+09 -4.68284764e+01  2.51188643e+09 -1.22246085e+02 
 3.16227766e+09 -4.84370626e+01  3.16227766e+09 -1.28595858e+02 
 3.98107171e+09 -4.98966793e+01  3.98107171e+09 -1.35566050e+02 
 5.01187234e+09 -5.11835208e+01  5.01187234e+09 -1.42787071e+02 
 6.30957344e+09 -5.22845105e+01  6.30957344e+09 -1.49790907e+02 
 7.94328235e+09 -5.31976715e+01  7.94328235e+09 -1.56127886e+02 
 1.00000000e+10 -5.39296336e+01  1.00000000e+10 -1.61493649e+02 
 1.25892541e+10 -5.44941206e+01  1.25892541e+10 -1.65792333e+02 
 1.58489319e+10 -5.49118337e+01  1.58489319e+10 -1.69106425e+02 
 1.99526231e+10 -5.52089102e+01  1.99526231e+10 -1.71611755e+02 
 2.51188643e+10 -5.54131049e+01  2.51188643e+10 -1.73498277e+02 
 3.16227766e+10 -5.55497571e+01  3.16227766e+10 -1.74927258e+02 
 3.98107171e+10 -5.56394406e+01  3.98107171e+10 -1.76020483e+02 
 5.01187234e+10 -5.56975060e+01  5.01187234e+10 -1.76865314e+02 
 6.30957344e+10 -5.57347592e+01  6.30957344e+10 -1.77523689e+02 
 7.94328235e+10 -5.57585170e+01  7.94328235e+10 -1.78039988e+02 
 1.00000000e+11 -5.57736098e+01  1.00000000e+11 -1.78446659e+02 
 1.25892541e+11 -5.57831740e+01  1.25892541e+11 -1.78767933e+02 
 1.58489319e+11 -5.57892251e+01  1.58489319e+11 -1.79022239e+02 
 1.99526231e+11 -5.57930498e+01  1.99526231e+11 -1.79223792e+02 
 2.51188643e+11 -5.57954656e+01  2.51188643e+11 -1.79383664e+02 
 3.16227766e+11 -5.57969910e+01  3.16227766e+11 -1.79510542e+02 
 3.98107171e+11 -5.57979538e+01  3.98107171e+11 -1.79611267e+02 
 5.01187234e+11 -5.57985615e+01  5.01187234e+11 -1.79691247e+02 
 6.30957344e+11 -5.57989450e+01  6.30957344e+11 -1.79754764e+02 
 7.94328235e+11 -5.57991870e+01  7.94328235e+11 -1.79805209e+02 
 1.00000000e+12 -5.57993397e+01  1.00000000e+12 -1.79845276e+02 
