 1.00000000e+00  1.00000000e+00  1.00000000e+00  9.73300695e-01  1.00000000e+00  3.44258622e-01 
 1.01000000e+00  1.01000000e+00  1.01000000e+00  9.83146230e-01  1.01000000e+00  3.48875441e-01 
 1.02000000e+00  1.02000000e+00  1.02000000e+00  9.93014992e-01  1.02000000e+00  3.53431077e-01 
 1.03000000e+00  1.03000000e+00  1.03000000e+00  1.00289136e+00  1.03000000e+00  3.57968946e-01 
 1.04000000e+00  1.04000000e+00  1.04000000e+00  1.01278219e+00  1.04000000e+00  3.62472221e-01 
 1.05000000e+00  1.05000000e+00  1.05000000e+00  1.02268877e+00  1.05000000e+00  3.66938926e-01 
 1.06000000e+00  1.06000000e+00  1.06000000e+00  1.03261245e+00  1.06000000e+00  3.71366886e-01 
 1.07000000e+00  1.07000000e+00  1.07000000e+00  1.04255463e+00  1.07000000e+00  3.75753698e-01 
 1.08000000e+00  1.08000000e+00  1.08000000e+00  1.05251674e+00  1.08000000e+00  3.80096700e-01 
 1.09000000e+00  1.09000000e+00  1.09000000e+00  1.06250024e+00  1.09000000e+00  3.84392934e-01 
 1.10000000e+00  1.10000000e+00  1.10000000e+00  1.07250661e+00  1.10000000e+00  3.88639094e-01 
 1.11000000e+00  1.11000000e+00  1.11000000e+00  1.08253734e+00  1.11000000e+00  3.92831469e-01 
 1.12000000e+00  1.12000000e+00  1.12000000e+00  1.09259389e+00  1.12000000e+00  3.96965880e-01 
 1.13000000e+00  1.13000000e+00  1.13000000e+00  1.10267771e+00  1.13000000e+00  4.01037602e-01 
 1.14000000e+00  1.14000000e+00  1.14000000e+00  1.11279014e+00  1.14000000e+00  4.05041276e-01 
 1.15000000e+00  1.15000000e+00  1.15000000e+00  1.12293247e+00  1.15000000e+00  4.08970812e-01 
 1.16000000e+00  1.16000000e+00  1.16000000e+00  1.13310580e+00  1.16000000e+00  4.12819280e-01 
 1.17000000e+00  1.17000000e+00  1.17000000e+00  1.14331108e+00  1.17000000e+00  4.16578798e-01 
 1.18000000e+00  1.18000000e+00  1.18000000e+00  1.15354900e+00  1.18000000e+00  4.20240411e-01 
 1.19000000e+00  1.19000000e+00  1.19000000e+00  1.16381995e+00  1.19000000e+00  4.23793966e-01 
 1.20000000e+00  1.20000000e+00  1.20000000e+00  1.17412399e+00  1.20000000e+00  4.27228000e-01 
 1.21000000e+00  1.21000000e+00  1.21000000e+00  1.18446073e+00  1.21000000e+00  4.30529634e-01 
 1.22000000e+00  1.22000000e+00  1.22000000e+00  1.19482932e+00  1.22000000e+00  4.33684486e-01 
 1.23000000e+00  1.23000000e+00  1.23000000e+00  1.20522834e+00  1.23000000e+00  4.36676614e-01 
 1.24000000e+00  1.24000000e+00  1.24000000e+00  1.21565579e+00  1.24000000e+00  4.39488509e-01 
 1.25000000e+00  1.25000000e+00  1.25000000e+00  1.22610902e+00  1.25000000e+00  4.42101123e-01 
 1.26000000e+00  1.26000000e+00  1.26000000e+00  1.23658473e+00  1.26000000e+00  4.44493978e-01 
 1.27000000e+00  1.27000000e+00  1.27000000e+00  1.24707896e+00  1.27000000e+00  4.46645334e-01 
 1.28000000e+00  1.28000000e+00  1.28000000e+00  1.25758710e+00  1.28000000e+00  4.48532445e-01 
 1.29000000e+00  1.29000000e+00  1.29000000e+00  1.26810398e+00  1.29000000e+00  4.50131894e-01 
 1.30000000e+00  1.30000000e+00  1.30000000e+00  1.27862395e+00  1.30000000e+00  4.51420001e-01 
 1.31000000e+00  1.31000000e+00  1.31000000e+00  1.28914103e+00  1.31000000e+00  4.52373316e-01 
 1.32000000e+00  1.32000000e+00  1.32000000e+00  1.29964903e+00  1.32000000e+00  4.52969145e-01 
 1.33000000e+00  1.33000000e+00  1.33000000e+00  1.31014177e+00  1.33000000e+00  4.53186101e-01 
 1.34000000e+00  1.34000000e+00  1.34000000e+00  1.32061329e+00  1.34000000e+00  4.53004652e-01 
 1.35000000e+00  1.35000000e+00  1.35000000e+00  1.33105799e+00  1.35000000e+00  4.52407635e-01 
 1.36000000e+00  1.36000000e+00  1.36000000e+00  1.34147085e+00  1.36000000e+00  4.51380682e-01 
 1.37000000e+00  1.37000000e+00  1.37000000e+00  1.35184758e+00  1.37000000e+00  4.49912561e-01 
 1.38000000e+00  1.38000000e+00  1.38000000e+00  1.36218472e+00  1.38000000e+00  4.47995375e-01 
 1.39000000e+00  1.39000000e+00  1.39000000e+00  1.37247968e+00  1.39000000e+00  4.45624647e-01 
 1.40000000e+00  1.40000000e+00  1.40000000e+00  1.38273076e+00  1.40000000e+00  4.42799303e-01 
 1.41000000e+00  1.41000000e+00  1.41000000e+00  1.39293714e+00  1.41000000e+00  4.39521519e-01 
 1.42000000e+00  1.42000000e+00  1.42000000e+00  1.40309876e+00  1.42000000e+00  4.35796500e-01 
 1.43000000e+00  1.43000000e+00  1.43000000e+00  1.41321626e+00  1.43000000e+00  4.31632193e-01 
 1.44000000e+00  1.44000000e+00  1.44000000e+00  1.42329083e+00  1.44000000e+00  4.27039000e-01 
 1.45000000e+00  1.45000000e+00  1.45000000e+00  1.43332407e+00  1.45000000e+00  4.22029475e-01 
 1.46000000e+00  1.46000000e+00  1.46000000e+00  1.44331793e+00  1.46000000e+00  4.16618063e-01 
 1.47000000e+00  1.47000000e+00  1.47000000e+00  1.45327450e+00  1.47000000e+00  4.10820869e-01 
 1.48000000e+00  1.48000000e+00  1.48000000e+00  1.46319600e+00  1.48000000e+00  4.04655460e-01 
 1.49000000e+00  1.49000000e+00  1.49000000e+00  1.47308463e+00  1.49000000e+00  3.98140720e-01 
 1.50000000e+00  1.50000000e+00  1.50000000e+00  1.48294256e+00  1.50000000e+00  3.91296741e-01 
 1.51000000e+00  1.51000000e+00  1.51000000e+00  1.49277186e+00  1.51000000e+00  3.84144791e-01 
 1.52000000e+00  1.52000000e+00  1.52000000e+00  1.50257444e+00  1.52000000e+00  3.76707352e-01 
 1.53000000e+00  1.53000000e+00  1.53000000e+00  1.51235207e+00  1.53000000e+00  3.69008236e-01 
 1.54000000e+00  1.54000000e+00  1.54000000e+00  1.52210632e+00  1.54000000e+00  3.61072752e-01 
 1.55000000e+00  1.55000000e+00  1.55000000e+00  1.53183854e+00  1.55000000e+00  3.52927907e-01 
 1.56000000e+00  1.56000000e+00  1.56000000e+00  1.54154992e+00  1.56000000e+00  3.44602592e-01 
 1.57000000e+00  1.57000000e+00  1.57000000e+00  1.55124138e+00  1.57000000e+00  3.36127751e-01 
 1.58000000e+00  1.58000000e+00  1.58000000e+00  1.56091369e+00  1.58000000e+00  3.27536495e-01 
 1.59000000e+00  1.59000000e+00  1.59000000e+00  1.57056737e+00  1.59000000e+00  3.18864148e-01 
 1.60000000e+00  1.60000000e+00  1.60000000e+00  1.58020278e+00  1.60000000e+00  3.10148228e-01 
 1.61000000e+00  1.61000000e+00  1.61000000e+00  1.58982010e+00  1.61000000e+00  3.01428336e-01 
 1.62000000e+00  1.62000000e+00  1.62000000e+00  1.59941935e+00  1.62000000e+00  2.92745967e-01 
 1.63000000e+00  1.63000000e+00  1.63000000e+00  1.60900038e+00  1.63000000e+00  2.84144232e-01 
 1.64000000e+00  1.64000000e+00  1.64000000e+00  1.61856294e+00  1.64000000e+00  2.75667495e-01 
 1.65000000e+00  1.65000000e+00  1.65000000e+00  1.62810663e+00  1.65000000e+00  2.67360945e-01 
 1.66000000e+00  1.66000000e+00  1.66000000e+00  1.63763098e+00  1.66000000e+00  2.59270097e-01 
 1.67000000e+00  1.67000000e+00  1.67000000e+00  1.64713543e+00  1.67000000e+00  2.51440246e-01 
 1.68000000e+00  1.68000000e+00  1.68000000e+00  1.65661935e+00  1.68000000e+00  2.43915893e-01 
 1.69000000e+00  1.69000000e+00  1.69000000e+00  1.66608207e+00  1.69000000e+00  2.36740133e-01 
 1.70000000e+00  1.70000000e+00  1.70000000e+00  1.67552291e+00  1.70000000e+00  2.29954052e-01 
 1.71000000e+00  1.71000000e+00  1.71000000e+00  1.68494117e+00  1.71000000e+00  2.23596095e-01 
 1.72000000e+00  1.72000000e+00  1.72000000e+00  1.69433618e+00  1.72000000e+00  2.17701402e-01 
 1.73000000e+00  1.73000000e+00  1.73000000e+00  1.70370730e+00  1.73000000e+00  2.12300928e-01 
 1.74000000e+00  1.74000000e+00  1.74000000e+00  1.71305394e+00  1.74000000e+00  2.07421425e-01 
 1.75000000e+00  1.75000000e+00  1.75000000e+00  1.72237557e+00  1.75000000e+00  2.03084623e-01 
 1.76000000e+00  1.76000000e+00  1.76000000e+00  1.73167179e+00  1.76000000e+00  1.99306160e-01 
 1.77000000e+00  1.77000000e+00  1.77000000e+00  1.74094231e+00  1.77000000e+00  1.96095382e-01 
 1.78000000e+00  1.78000000e+00  1.78000000e+00  1.75018702e+00  1.78000000e+00  1.93455018e-01 
 1.79000000e+00  1.79000000e+00  1.79000000e+00  1.75940592e+00  1.79000000e+00  1.91381209e-01 
 1.80000000e+00  1.80000000e+00  1.80000000e+00  1.76859919e+00  1.80000000e+00  1.89863907e-01 
 1.81000000e+00  1.81000000e+00  1.81000000e+00  1.77776714e+00  1.81000000e+00  1.88887729e-01 
 1.82000000e+00  1.82000000e+00  1.82000000e+00  1.78691017e+00  1.82000000e+00  1.88433152e-01 
 1.83000000e+00  1.83000000e+00  1.83000000e+00  1.79602877e+00  1.83000000e+00  1.88477905e-01 
 1.84000000e+00  1.84000000e+00  1.84000000e+00  1.80512342e+00  1.84000000e+00  1.88998445e-01 
 1.85000000e+00  1.85000000e+00  1.85000000e+00  1.81419463e+00  1.85000000e+00  1.89971315e-01 
 1.86000000e+00  1.86000000e+00  1.86000000e+00  1.82324285e+00  1.86000000e+00  1.91374280e-01 
 1.87000000e+00  1.87000000e+00  1.87000000e+00  1.83226843e+00  1.87000000e+00  1.93187215e-01 
 1.88000000e+00  1.88000000e+00  1.88000000e+00  1.84127167e+00  1.88000000e+00  1.95392712e-01 
 1.89000000e+00  1.89000000e+00  1.89000000e+00  1.85025270e+00  1.89000000e+00  1.97976475e-01 
 1.90000000e+00  1.90000000e+00  1.90000000e+00  1.85921156e+00  1.90000000e+00  2.00927528e-01 
 1.91000000e+00  1.91000000e+00  1.91000000e+00  1.86814813e+00  1.91000000e+00  2.04238302e-01 
 1.92000000e+00  1.92000000e+00  1.92000000e+00  1.87706215e+00  1.92000000e+00  2.07904634e-01 
 1.93000000e+00  1.93000000e+00  1.93000000e+00  1.88595319e+00  1.93000000e+00  2.11925719e-01 
 1.94000000e+00  1.94000000e+00  1.94000000e+00  1.89482066e+00  1.94000000e+00  2.16304029e-01 
 1.95000000e+00  1.95000000e+00  1.95000000e+00  1.90366382e+00  1.95000000e+00  2.21045211e-01 
 1.96000000e+00  1.96000000e+00  1.96000000e+00  1.91248171e+00  1.96000000e+00  2.26157957e-01 
 1.97000000e+00  1.97000000e+00  1.97000000e+00  1.92127321e+00  1.97000000e+00  2.31653846e-01 
 1.98000000e+00  1.98000000e+00  1.98000000e+00  1.93003701e+00  1.98000000e+00  2.37547138e-01 
 1.99000000e+00  1.99000000e+00  1.99000000e+00  1.93877157e+00  1.99000000e+00  2.43854508e-01 
 2.00000000e+00  2.00000000e+00  2.00000000e+00  1.94747517e+00  2.00000000e+00  2.50594697e-01 
 2.01000000e+00  2.01000000e+00  2.01000000e+00  1.95614588e+00  2.01000000e+00  2.57788081e-01 
 2.02000000e+00  2.02000000e+00  2.02000000e+00  1.96478157e+00  2.02000000e+00  2.65456151e-01 
 2.03000000e+00  2.03000000e+00  2.03000000e+00  1.97337994e+00  2.03000000e+00  2.73620928e-01 
 2.04000000e+00  2.04000000e+00  2.04000000e+00  1.98193847e+00  2.04000000e+00  2.82304332e-01 
 2.05000000e+00  2.05000000e+00  2.05000000e+00  1.99045453e+00  2.05000000e+00  2.91527572e-01 
 2.06000000e+00  2.06000000e+00  2.06000000e+00  1.99892530e+00  2.06000000e+00  3.01310576e-01 
 2.07000000e+00  2.07000000e+00  2.07000000e+00  2.00734782e+00  2.07000000e+00  3.11671541e-01 
 2.08000000e+00  2.08000000e+00  2.08000000e+00  2.01571899e+00  2.08000000e+00  3.22626597e-01 
 2.09000000e+00  2.09000000e+00  2.09000000e+00  2.02403557e+00  2.09000000e+00  3.34189606e-01 
 2.10000000e+00  2.10000000e+00  2.10000000e+00  2.03229415e+00  2.10000000e+00  3.46372070e-01 
 2.11000000e+00  2.11000000e+00  2.11000000e+00  2.04049118e+00  2.11000000e+00  3.59183109e-01 
 2.12000000e+00  2.12000000e+00  2.12000000e+00  2.04862289e+00  2.12000000e+00  3.72629470e-01 
 2.13000000e+00  2.13000000e+00  2.13000000e+00  2.05668534e+00  2.13000000e+00  3.86715523e-01 
 2.14000000e+00  2.14000000e+00  2.14000000e+00  2.06467436e+00  2.14000000e+00  4.01443226e-01 
 2.15000000e+00  2.15000000e+00  2.15000000e+00  2.07258557e+00  2.15000000e+00  4.16812038e-01 
 2.16000000e+00  2.16000000e+00  2.16000000e+00  2.08041433e+00  2.16000000e+00  4.32818786e-01 
 2.17000000e+00  2.17000000e+00  2.17000000e+00  2.08815580e+00  2.17000000e+00  4.49457496e-01 
 2.18000000e+00  2.18000000e+00  2.18000000e+00  2.09580487e+00  2.18000000e+00  4.66719201e-01 
 2.19000000e+00  2.19000000e+00  2.19000000e+00  2.10335623e+00  2.19000000e+00  4.84591740e-01 
 2.20000000e+00  2.20000000e+00  2.20000000e+00  2.11080432e+00  2.20000000e+00  5.03059579e-01 
 2.21000000e+00  2.21000000e+00  2.21000000e+00  2.11814340e+00  2.21000000e+00  5.22103650e-01 
 2.22000000e+00  2.22000000e+00  2.22000000e+00  2.12536752e+00  2.22000000e+00  5.41701235e-01 
 2.23000000e+00  2.23000000e+00  2.23000000e+00  2.13247057e+00  2.23000000e+00  5.61825903e-01 
 2.24000000e+00  2.24000000e+00  2.24000000e+00  2.13944633e+00  2.24000000e+00  5.82447504e-01 
 2.25000000e+00  2.25000000e+00  2.25000000e+00  2.14628844e+00  2.25000000e+00  6.03532225e-01 
 2.26000000e+00  2.26000000e+00  2.26000000e+00  2.15299050e+00  2.26000000e+00  6.25042724e-01 
 2.27000000e+00  2.27000000e+00  2.27000000e+00  2.15954608e+00  2.27000000e+00  6.46938318e-01 
 2.28000000e+00  2.28000000e+00  2.28000000e+00  2.16594878e+00  2.28000000e+00  6.69175254e-01 
 2.29000000e+00  2.29000000e+00  2.29000000e+00  2.17219228e+00  2.29000000e+00  6.91707037e-01 
 2.30000000e+00  2.30000000e+00  2.30000000e+00  2.17827041e+00  2.30000000e+00  7.14484822e-01 
 2.31000000e+00  2.31000000e+00  2.31000000e+00  2.18417720e+00  2.31000000e+00  7.37457864e-01 
 2.32000000e+00  2.32000000e+00  2.32000000e+00  2.18990696e+00  2.32000000e+00  7.60574016e-01 
 2.33000000e+00  2.33000000e+00  2.33000000e+00  2.19545433e+00  2.33000000e+00  7.83780262e-01 
 2.34000000e+00  2.34000000e+00  2.34000000e+00  2.20081437e+00  2.34000000e+00  8.07023284e-01 
 2.35000000e+00  2.35000000e+00  2.35000000e+00  2.20598263e+00  2.35000000e+00  8.30250039e-01 
 2.36000000e+00  2.36000000e+00  2.36000000e+00  2.21095518e+00  2.36000000e+00  8.53408345e-01 
 2.37000000e+00  2.37000000e+00  2.37000000e+00  2.21572874e+00  2.37000000e+00  8.76447448e-01 
 2.38000000e+00  2.38000000e+00  2.38000000e+00  2.22030067e+00  2.38000000e+00  8.99318567e-01 
 2.39000000e+00  2.39000000e+00  2.39000000e+00  2.22466907e+00  2.39000000e+00  9.21975400e-01 
 2.40000000e+00  2.40000000e+00  2.40000000e+00  2.22883277e+00  2.40000000e+00  9.44374579e-01 
 2.41000000e+00  2.41000000e+00  2.41000000e+00  2.23279142e+00  2.41000000e+00  9.66476059e-01 
 2.42000000e+00  2.42000000e+00  2.42000000e+00  2.23654547e+00  2.42000000e+00  9.88243442e-01 
 2.43000000e+00  2.43000000e+00  2.43000000e+00  2.24009618e+00  2.43000000e+00  1.00964423e+00 
 2.44000000e+00  2.44000000e+00  2.44000000e+00  2.24344562e+00  2.44000000e+00  1.03065000e+00 
 2.45000000e+00  2.45000000e+00  2.45000000e+00  2.24659666e+00  2.45000000e+00  1.05123650e+00 
 2.46000000e+00  2.46000000e+00  2.46000000e+00  2.24955290e+00  2.46000000e+00  1.07138373e+00 
 2.47000000e+00  2.47000000e+00  2.47000000e+00  2.25231864e+00  2.47000000e+00  1.09107586e+00 
 2.48000000e+00  2.48000000e+00  2.48000000e+00  2.25489877e+00  2.48000000e+00  1.11030121e+00 
 2.49000000e+00  2.49000000e+00  2.49000000e+00  2.25729868e+00  2.49000000e+00  1.12905209e+00 
 2.50000000e+00  2.50000000e+00  2.50000000e+00  2.25952419e+00  2.50000000e+00  1.14732463e+00 
 2.51000000e+00  2.51000000e+00  2.51000000e+00  2.26158143e+00  2.51000000e+00  1.16511856e+00 
 2.52000000e+00  2.52000000e+00  2.52000000e+00  2.26347676e+00  2.52000000e+00  1.18243698e+00 
 2.53000000e+00  2.53000000e+00  2.53000000e+00  2.26521673e+00  2.53000000e+00  1.19928609e+00 
 2.54000000e+00  2.54000000e+00  2.54000000e+00  2.26680799e+00  2.54000000e+00  1.21567505e+00 
 2.55000000e+00  2.55000000e+00  2.55000000e+00  2.26825728e+00  2.55000000e+00  1.23161573e+00 
 2.56000000e+00  2.56000000e+00  2.56000000e+00  2.26957137e+00  2.56000000e+00  1.24712261e+00 
 2.57000000e+00  2.57000000e+00  2.57000000e+00  2.27075705e+00  2.57000000e+00  1.26221271e+00 
 2.58000000e+00  2.58000000e+00  2.58000000e+00  2.27182112e+00  2.58000000e+00  1.27690550e+00 
 2.59000000e+00  2.59000000e+00  2.59000000e+00  2.27277033e+00  2.59000000e+00  1.29122291e+00 
 2.60000000e+00  2.60000000e+00  2.60000000e+00  2.27361139e+00  2.60000000e+00  1.30518924e+00 
 2.61000000e+00  2.61000000e+00  2.61000000e+00  2.27435091e+00  2.61000000e+00  1.31883100e+00 
 2.62000000e+00  2.62000000e+00  2.62000000e+00  2.27499536e+00  2.62000000e+00  1.33217666e+00 
 2.63000000e+00  2.63000000e+00  2.63000000e+00  2.27555102e+00  2.63000000e+00  1.34525614e+00 
 2.64000000e+00  2.64000000e+00  2.64000000e+00  2.27602388e+00  2.64000000e+00  1.35810013e+00 
 2.65000000e+00  2.65000000e+00  2.65000000e+00  2.27641958e+00  2.65000000e+00  1.37073920e+00 
 2.66000000e+00  2.66000000e+00  2.66000000e+00  2.27674332e+00  2.66000000e+00  1.38320290e+00 
 2.67000000e+00  2.67000000e+00  2.67000000e+00  2.27699983e+00  2.67000000e+00  1.39551882e+00 
 2.68000000e+00  2.68000000e+00  2.68000000e+00  2.27719330e+00  2.68000000e+00  1.40771192e+00 
 2.69000000e+00  2.69000000e+00  2.69000000e+00  2.27732748e+00  2.69000000e+00  1.41980401e+00 
 2.70000000e+00  2.70000000e+00  2.70000000e+00  2.27740566e+00  2.70000000e+00  1.43181363e+00 
 2.71000000e+00  2.71000000e+00  2.71000000e+00  2.27743077e+00  2.71000000e+00  1.44375607e+00 
 2.72000000e+00  2.72000000e+00  2.72000000e+00  2.27740548e+00  2.72000000e+00  1.45564365e+00 
 2.73000000e+00  2.73000000e+00  2.73000000e+00  2.27733232e+00  2.73000000e+00  1.46748601e+00 
 2.74000000e+00  2.74000000e+00  2.74000000e+00  2.27721376e+00  2.74000000e+00  1.47929049e+00 
 2.75000000e+00  2.75000000e+00  2.75000000e+00  2.27705234e+00  2.75000000e+00  1.49106245e+00 
 2.76000000e+00  2.76000000e+00  2.76000000e+00  2.27685079e+00  2.76000000e+00  1.50280561e+00 
 2.77000000e+00  2.77000000e+00  2.77000000e+00  2.27661209e+00  2.77000000e+00  1.51452228e+00 
 2.78000000e+00  2.78000000e+00  2.78000000e+00  2.27633963e+00  2.78000000e+00  1.52621355e+00 
 2.79000000e+00  2.79000000e+00  2.79000000e+00  2.27603729e+00  2.79000000e+00  1.53787944e+00 
 2.80000000e+00  2.80000000e+00  2.80000000e+00  2.27570953e+00  2.80000000e+00  1.54951905e+00 
 2.81000000e+00  2.81000000e+00  2.81000000e+00  2.27536148e+00  2.81000000e+00  1.56113063e+00 
 2.82000000e+00  2.82000000e+00  2.82000000e+00  2.27499899e+00  2.82000000e+00  1.57271165e+00 
 2.83000000e+00  2.83000000e+00  2.83000000e+00  2.27462865e+00  2.83000000e+00  1.58425890e+00 
 2.84000000e+00  2.84000000e+00  2.84000000e+00  2.27425779e+00  2.84000000e+00  1.59576861e+00 
 2.85000000e+00  2.85000000e+00  2.85000000e+00  2.27389435e+00  2.85000000e+00  1.60723655e+00 
 2.86000000e+00  2.86000000e+00  2.86000000e+00  2.27354675e+00  2.86000000e+00  1.61865827e+00 
 2.87000000e+00  2.87000000e+00  2.87000000e+00  2.27322363e+00  2.87000000e+00  1.63002921e+00 
 2.88000000e+00  2.88000000e+00  2.88000000e+00  2.27293353e+00  2.88000000e+00  1.64134497e+00 
 2.89000000e+00  2.89000000e+00  2.89000000e+00  2.27268458e+00  2.89000000e+00  1.65260155e+00 
 2.90000000e+00  2.90000000e+00  2.90000000e+00  2.27248408e+00  2.90000000e+00  1.66379553e+00 
 2.91000000e+00  2.91000000e+00  2.91000000e+00  2.27233816e+00  2.91000000e+00  1.67492433e+00 
 2.92000000e+00  2.92000000e+00  2.92000000e+00  2.27225152e+00  2.92000000e+00  1.68598632e+00 
 2.93000000e+00  2.93000000e+00  2.93000000e+00  2.27222723e+00  2.93000000e+00  1.69698093e+00 
 2.94000000e+00  2.94000000e+00  2.94000000e+00  2.27226664e+00  2.94000000e+00  1.70790863e+00 
 2.95000000e+00  2.95000000e+00  2.95000000e+00  2.27236944e+00  2.95000000e+00  1.71877088e+00 
 2.96000000e+00  2.96000000e+00  2.96000000e+00  2.27253382e+00  2.96000000e+00  1.72957002e+00 
 2.97000000e+00  2.97000000e+00  2.97000000e+00  2.27275668e+00  2.97000000e+00  1.74030904e+00 
 2.98000000e+00  2.98000000e+00  2.98000000e+00  2.27303395e+00  2.98000000e+00  1.75099145e+00 
 2.99000000e+00  2.99000000e+00  2.99000000e+00  2.27336088e+00  2.99000000e+00  1.76162105e+00 
 3.00000000e+00  3.00000000e+00  3.00000000e+00  2.27373231e+00  3.00000000e+00  1.77220178e+00 
 3.01000000e+00  3.01000000e+00  3.01000000e+00  2.27414300e+00  3.01000000e+00  1.78273753e+00 
 3.02000000e+00  3.02000000e+00  3.02000000e+00  2.27458776e+00  3.02000000e+00  1.79323205e+00 
 3.03000000e+00  3.03000000e+00  3.03000000e+00  2.27506167e+00  3.03000000e+00  1.80368886e+00 
 3.04000000e+00  3.04000000e+00  3.04000000e+00  2.27556018e+00  3.04000000e+00  1.81411120e+00 
 3.05000000e+00  3.05000000e+00  3.05000000e+00  2.27607914e+00  3.05000000e+00  1.82450201e+00 
 3.06000000e+00  3.06000000e+00  3.06000000e+00  2.27661487e+00  3.06000000e+00  1.83486392e+00 
 3.07000000e+00  3.07000000e+00  3.07000000e+00  2.27716410e+00  3.07000000e+00  1.84519927e+00 
 3.08000000e+00  3.08000000e+00  3.08000000e+00  2.27772402e+00  3.08000000e+00  1.85551013e+00 
 3.09000000e+00  3.09000000e+00  3.09000000e+00  2.27829218e+00  3.09000000e+00  1.86579834e+00 
 3.10000000e+00  3.10000000e+00  3.10000000e+00  2.27886650e+00  3.10000000e+00  1.87606553e+00 
 3.11000000e+00  3.11000000e+00  3.11000000e+00  2.27944521e+00  3.11000000e+00  1.88631311e+00 
 3.12000000e+00  3.12000000e+00  3.12000000e+00  2.28002680e+00  3.12000000e+00  1.89654238e+00 
 3.13000000e+00  3.13000000e+00  3.13000000e+00  2.28061002e+00  3.13000000e+00  1.90675449e+00 
 3.14000000e+00  3.14000000e+00  3.14000000e+00  2.28119381e+00  3.14000000e+00  1.91695047e+00 
 3.15000000e+00  3.15000000e+00  3.15000000e+00  2.28177729e+00  3.15000000e+00  1.92713126e+00 
 3.16000000e+00  3.16000000e+00  3.16000000e+00  2.28235971e+00  3.16000000e+00  1.93729774e+00 
 3.17000000e+00  3.17000000e+00  3.17000000e+00  2.28294048e+00  3.17000000e+00  1.94745071e+00 
 3.18000000e+00  3.18000000e+00  3.18000000e+00  2.28351908e+00  3.18000000e+00  1.95759092e+00 
 3.19000000e+00  3.19000000e+00  3.19000000e+00  2.28409510e+00  3.19000000e+00  1.96771906e+00 
 3.20000000e+00  3.20000000e+00  3.20000000e+00  2.28466822e+00  3.20000000e+00  1.97783582e+00 
 3.21000000e+00  3.21000000e+00  3.21000000e+00  2.28523816e+00  3.21000000e+00  1.98794183e+00 
 3.22000000e+00  3.22000000e+00  3.22000000e+00  2.28580471e+00  3.22000000e+00  1.99803768e+00 
 3.23000000e+00  3.23000000e+00  3.23000000e+00  2.28636768e+00  3.23000000e+00  2.00812397e+00 
 3.24000000e+00  3.24000000e+00  3.24000000e+00  2.28692697e+00  3.24000000e+00  2.01820125e+00 
 3.25000000e+00  3.25000000e+00  3.25000000e+00  2.28748245e+00  3.25000000e+00  2.02827007e+00 
 3.26000000e+00  3.26000000e+00  3.26000000e+00  2.28803407e+00  3.26000000e+00  2.03833094e+00 
 3.27000000e+00  3.27000000e+00  3.27000000e+00  2.28858178e+00  3.27000000e+00  2.04838435e+00 
 3.28000000e+00  3.28000000e+00  3.28000000e+00  2.28912554e+00  3.28000000e+00  2.05843080e+00 
 3.29000000e+00  3.29000000e+00  3.29000000e+00  2.28966535e+00  3.29000000e+00  2.06847074e+00 
 3.30000000e+00  3.30000000e+00  3.30000000e+00  2.29020121e+00  3.30000000e+00  2.07850462e+00 
 3.31000000e+00  3.31000000e+00  3.31000000e+00  2.29073312e+00  3.31000000e+00  2.08853286e+00 
 3.32000000e+00  3.32000000e+00  3.32000000e+00  2.29126112e+00  3.32000000e+00  2.09855587e+00 
 3.33000000e+00  3.33000000e+00  3.33000000e+00  2.29178524e+00  3.33000000e+00  2.10857404e+00 
 3.34000000e+00  3.34000000e+00  3.34000000e+00  2.29230550e+00  3.34000000e+00  2.11858774e+00 
 3.35000000e+00  3.35000000e+00  3.35000000e+00  2.29282196e+00  3.35000000e+00  2.12859732e+00 
 3.36000000e+00  3.36000000e+00  3.36000000e+00  2.29333466e+00  3.36000000e+00  2.13860311e+00 
 3.37000000e+00  3.37000000e+00  3.37000000e+00  2.29384365e+00  3.37000000e+00  2.14860542e+00 
 3.38000000e+00  3.38000000e+00  3.38000000e+00  2.29434898e+00  3.38000000e+00  2.15860455e+00 
 3.39000000e+00  3.39000000e+00  3.39000000e+00  2.29485070e+00  3.39000000e+00  2.16860077e+00 
 3.40000000e+00  3.40000000e+00  3.40000000e+00  2.29534888e+00  3.40000000e+00  2.17859435e+00 
 3.41000000e+00  3.41000000e+00  3.41000000e+00  2.29584357e+00  3.41000000e+00  2.18858552e+00 
 3.42000000e+00  3.42000000e+00  3.42000000e+00  2.29633482e+00  3.42000000e+00  2.19857451e+00 
 3.43000000e+00  3.43000000e+00  3.43000000e+00  2.29682270e+00  3.43000000e+00  2.20856153e+00 
 3.44000000e+00  3.44000000e+00  3.44000000e+00  2.29730726e+00  3.44000000e+00  2.21854677e+00 
 3.45000000e+00  3.45000000e+00  3.45000000e+00  2.29778857e+00  3.45000000e+00  2.22853041e+00 
 3.46000000e+00  3.46000000e+00  3.46000000e+00  2.29826667e+00  3.46000000e+00  2.23851261e+00 
 3.47000000e+00  3.47000000e+00  3.47000000e+00  2.29874163e+00  3.47000000e+00  2.24849354e+00 
 3.48000000e+00  3.48000000e+00  3.48000000e+00  2.29921350e+00  3.48000000e+00  2.25847332e+00 
 3.49000000e+00  3.49000000e+00  3.49000000e+00  2.29968234e+00  3.49000000e+00  2.26845209e+00 
 3.50000000e+00  3.50000000e+00  3.50000000e+00  2.30014820e+00  3.50000000e+00  2.27842997e+00 
 3.51000000e+00  3.51000000e+00  3.51000000e+00  2.30061114e+00  3.51000000e+00  2.28840705e+00 
 3.52000000e+00  3.52000000e+00  3.52000000e+00  2.30107121e+00  3.52000000e+00  2.29838345e+00 
 3.53000000e+00  3.53000000e+00  3.53000000e+00  2.30152847e+00  3.53000000e+00  2.30835924e+00 
 3.54000000e+00  3.54000000e+00  3.54000000e+00  2.30198296e+00  3.54000000e+00  2.31833451e+00 
 3.55000000e+00  3.55000000e+00  3.55000000e+00  2.30243474e+00  3.55000000e+00  2.32830933e+00 
 3.56000000e+00  3.56000000e+00  3.56000000e+00  2.30288385e+00  3.56000000e+00  2.33828378e+00 
 3.57000000e+00  3.57000000e+00  3.57000000e+00  2.30333035e+00  3.57000000e+00  2.34825790e+00 
 3.58000000e+00  3.58000000e+00  3.58000000e+00  2.30377428e+00  3.58000000e+00  2.35823177e+00 
 3.59000000e+00  3.59000000e+00  3.59000000e+00  2.30421569e+00  3.59000000e+00  2.36820541e+00 
 3.60000000e+00  3.60000000e+00  3.60000000e+00  2.30465462e+00  3.60000000e+00  2.37817889e+00 
 3.61000000e+00  3.61000000e+00  3.61000000e+00  2.30509111e+00  3.61000000e+00  2.38815224e+00 
 3.62000000e+00  3.62000000e+00  3.62000000e+00  2.30552522e+00  3.62000000e+00  2.39812550e+00 
 3.63000000e+00  3.63000000e+00  3.63000000e+00  2.30595698e+00  3.63000000e+00  2.40809869e+00 
 3.64000000e+00  3.64000000e+00  3.64000000e+00  2.30638644e+00  3.64000000e+00  2.41807186e+00 
 3.65000000e+00  3.65000000e+00  3.65000000e+00  2.30681363e+00  3.65000000e+00  2.42804501e+00 
 3.66000000e+00  3.66000000e+00  3.66000000e+00  2.30723860e+00  3.66000000e+00  2.43801819e+00 
 3.67000000e+00  3.67000000e+00  3.67000000e+00  2.30766138e+00  3.67000000e+00  2.44799140e+00 
 3.68000000e+00  3.68000000e+00  3.68000000e+00  2.30808201e+00  3.68000000e+00  2.45796467e+00 
 3.69000000e+00  3.69000000e+00  3.69000000e+00  2.30850053e+00  3.69000000e+00  2.46793801e+00 
 3.70000000e+00  3.70000000e+00  3.70000000e+00  2.30891697e+00  3.70000000e+00  2.47791144e+00 
 3.71000000e+00  3.71000000e+00  3.71000000e+00  2.30933137e+00  3.71000000e+00  2.48788496e+00 
 3.72000000e+00  3.72000000e+00  3.72000000e+00  2.30974377e+00  3.72000000e+00  2.49785860e+00 
 3.73000000e+00  3.73000000e+00  3.73000000e+00  2.31015420e+00  3.73000000e+00  2.50783235e+00 
 3.74000000e+00  3.74000000e+00  3.74000000e+00  2.31056268e+00  3.74000000e+00  2.51780623e+00 
 3.75000000e+00  3.75000000e+00  3.75000000e+00  2.31096926e+00  3.75000000e+00  2.52778024e+00 
 3.76000000e+00  3.76000000e+00  3.76000000e+00  2.31137396e+00  3.76000000e+00  2.53775438e+00 
 3.77000000e+00  3.77000000e+00  3.77000000e+00  2.31177681e+00  3.77000000e+00  2.54772867e+00 
 3.78000000e+00  3.78000000e+00  3.78000000e+00  2.31217785e+00  3.78000000e+00  2.55770311e+00 
 3.79000000e+00  3.79000000e+00  3.79000000e+00  2.31257710e+00  3.79000000e+00  2.56767769e+00 
 3.80000000e+00  3.80000000e+00  3.80000000e+00  2.31297459e+00  3.80000000e+00  2.57765243e+00 
 3.81000000e+00  3.81000000e+00  3.81000000e+00  2.31337035e+00  3.81000000e+00  2.58762732e+00 
 3.82000000e+00  3.82000000e+00  3.82000000e+00  2.31376441e+00  3.82000000e+00  2.59760236e+00 
 3.83000000e+00  3.83000000e+00  3.83000000e+00  2.31415679e+00  3.83000000e+00  2.60757756e+00 
 3.84000000e+00  3.84000000e+00  3.84000000e+00  2.31454752e+00  3.84000000e+00  2.61755291e+00 
 3.85000000e+00  3.85000000e+00  3.85000000e+00  2.31493662e+00  3.85000000e+00  2.62752841e+00 
 3.86000000e+00  3.86000000e+00  3.86000000e+00  2.31532413e+00  3.86000000e+00  2.63750407e+00 
 3.87000000e+00  3.87000000e+00  3.87000000e+00  2.31571005e+00  3.87000000e+00  2.64747989e+00 
 3.88000000e+00  3.88000000e+00  3.88000000e+00  2.31609443e+00  3.88000000e+00  2.65745585e+00 
 3.89000000e+00  3.89000000e+00  3.89000000e+00  2.31647727e+00  3.89000000e+00  2.66743197e+00 
 3.90000000e+00  3.90000000e+00  3.90000000e+00  2.31685860e+00  3.90000000e+00  2.67740823e+00 
 3.91000000e+00  3.91000000e+00  3.91000000e+00  2.31723846e+00  3.91000000e+00  2.68738465e+00 
 3.92000000e+00  3.92000000e+00  3.92000000e+00  2.31761684e+00  3.92000000e+00  2.69736121e+00 
 3.93000000e+00  3.93000000e+00  3.93000000e+00  2.31799379e+00  3.93000000e+00  2.70733791e+00 
 3.94000000e+00  3.94000000e+00  3.94000000e+00  2.31836931e+00  3.94000000e+00  2.71731475e+00 
 3.95000000e+00  3.95000000e+00  3.95000000e+00  2.31874343e+00  3.95000000e+00  2.72729173e+00 
 3.96000000e+00  3.96000000e+00  3.96000000e+00  2.31911617e+00  3.96000000e+00  2.73726886e+00 
 3.97000000e+00  3.97000000e+00  3.97000000e+00  2.31948755e+00  3.97000000e+00  2.74724611e+00 
 3.98000000e+00  3.98000000e+00  3.98000000e+00  2.31985759e+00  3.98000000e+00  2.75722350e+00 
 3.99000000e+00  3.99000000e+00  3.99000000e+00  2.32022630e+00  3.99000000e+00  2.76720102e+00 
 4.00000000e+00  4.00000000e+00  4.00000000e+00  2.32059370e+00  4.00000000e+00  2.77717867e+00 
 4.01000000e+00  4.01000000e+00  4.01000000e+00  2.32095982e+00  4.01000000e+00  2.78715645e+00 
 4.02000000e+00  4.02000000e+00  4.02000000e+00  2.32132466e+00  4.02000000e+00  2.79713435e+00 
 4.03000000e+00  4.03000000e+00  4.03000000e+00  2.32168825e+00  4.03000000e+00  2.80711237e+00 
 4.04000000e+00  4.04000000e+00  4.04000000e+00  2.32205060e+00  4.04000000e+00  2.81709051e+00 
 4.05000000e+00  4.05000000e+00  4.05000000e+00  2.32241174e+00  4.05000000e+00  2.82706877e+00 
 4.06000000e+00  4.06000000e+00  4.06000000e+00  2.32277166e+00  4.06000000e+00  2.83704715e+00 
 4.07000000e+00  4.07000000e+00  4.07000000e+00  2.32313040e+00  4.07000000e+00  2.84702563e+00 
 4.08000000e+00  4.08000000e+00  4.08000000e+00  2.32348796e+00  4.08000000e+00  2.85700423e+00 
 4.09000000e+00  4.09000000e+00  4.09000000e+00  2.32384437e+00  4.09000000e+00  2.86698294e+00 
 4.10000000e+00  4.10000000e+00  4.10000000e+00  2.32419963e+00  4.10000000e+00  2.87696176e+00 
 4.11000000e+00  4.11000000e+00  4.11000000e+00  2.32455376e+00  4.11000000e+00  2.88694068e+00 
 4.12000000e+00  4.12000000e+00  4.12000000e+00  2.32490677e+00  4.12000000e+00  2.89691970e+00 
 4.13000000e+00  4.13000000e+00  4.13000000e+00  2.32525869e+00  4.13000000e+00  2.90689882e+00 
 4.14000000e+00  4.14000000e+00  4.14000000e+00  2.32560951e+00  4.14000000e+00  2.91687805e+00 
 4.15000000e+00  4.15000000e+00  4.15000000e+00  2.32595926e+00  4.15000000e+00  2.92685737e+00 
 4.16000000e+00  4.16000000e+00  4.16000000e+00  2.32630795e+00  4.16000000e+00  2.93683678e+00 
 4.17000000e+00  4.17000000e+00  4.17000000e+00  2.32665559e+00  4.17000000e+00  2.94681629e+00 
 4.18000000e+00  4.18000000e+00  4.18000000e+00  2.32700219e+00  4.18000000e+00  2.95679589e+00 
 4.19000000e+00  4.19000000e+00  4.19000000e+00  2.32734777e+00  4.19000000e+00  2.96677559e+00 
 4.20000000e+00  4.20000000e+00  4.20000000e+00  2.32769234e+00  4.20000000e+00  2.97675537e+00 
 4.21000000e+00  4.21000000e+00  4.21000000e+00  2.32803590e+00  4.21000000e+00  2.98673523e+00 
 4.22000000e+00  4.22000000e+00  4.22000000e+00  2.32837848e+00  4.22000000e+00  2.99671519e+00 
 4.23000000e+00  4.23000000e+00  4.23000000e+00  2.32872008e+00  4.23000000e+00  3.00669523e+00 
 4.24000000e+00  4.24000000e+00  4.24000000e+00  2.32906072e+00  4.24000000e+00  3.01667535e+00 
 4.25000000e+00  4.25000000e+00  4.25000000e+00  2.32940039e+00  4.25000000e+00  3.02665555e+00 
 4.26000000e+00  4.26000000e+00  4.26000000e+00  2.32973913e+00  4.26000000e+00  3.03663583e+00 
 4.27000000e+00  4.27000000e+00  4.27000000e+00  2.33007693e+00  4.27000000e+00  3.04661619e+00 
 4.28000000e+00  4.28000000e+00  4.28000000e+00  2.33041381e+00  4.28000000e+00  3.05659662e+00 
 4.29000000e+00  4.29000000e+00  4.29000000e+00  2.33074977e+00  4.29000000e+00  3.06657714e+00 
 4.30000000e+00  4.30000000e+00  4.30000000e+00  2.33108483e+00  4.30000000e+00  3.07655772e+00 
 4.31000000e+00  4.31000000e+00  4.31000000e+00  2.33141900e+00  4.31000000e+00  3.08653838e+00 
 4.32000000e+00  4.32000000e+00  4.32000000e+00  2.33175228e+00  4.32000000e+00  3.09651912e+00 
 4.33000000e+00  4.33000000e+00  4.33000000e+00  2.33208469e+00  4.33000000e+00  3.10649992e+00 
 4.34000000e+00  4.34000000e+00  4.34000000e+00  2.33241623e+00  4.34000000e+00  3.11648079e+00 
 4.35000000e+00  4.35000000e+00  4.35000000e+00  2.33274692e+00  4.35000000e+00  3.12646173e+00 
 4.36000000e+00  4.36000000e+00  4.36000000e+00  2.33307676e+00  4.36000000e+00  3.13644274e+00 
 4.37000000e+00  4.37000000e+00  4.37000000e+00  2.33340576e+00  4.37000000e+00  3.14642382e+00 
 4.38000000e+00  4.38000000e+00  4.38000000e+00  2.33373393e+00  4.38000000e+00  3.15640496e+00 
 4.39000000e+00  4.39000000e+00  4.39000000e+00  2.33406128e+00  4.39000000e+00  3.16638617e+00 
 4.40000000e+00  4.40000000e+00  4.40000000e+00  2.33438781e+00  4.40000000e+00  3.17636744e+00 
 4.41000000e+00  4.41000000e+00  4.41000000e+00  2.33471354e+00  4.41000000e+00  3.18634877e+00 
 4.42000000e+00  4.42000000e+00  4.42000000e+00  2.33503848e+00  4.42000000e+00  3.19633017e+00 
 4.43000000e+00  4.43000000e+00  4.43000000e+00  2.33536262e+00  4.43000000e+00  3.20631163e+00 
 4.44000000e+00  4.44000000e+00  4.44000000e+00  2.33568598e+00  4.44000000e+00  3.21629315e+00 
 4.45000000e+00  4.45000000e+00  4.45000000e+00  2.33600857e+00  4.45000000e+00  3.22627472e+00 
 4.46000000e+00  4.46000000e+00  4.46000000e+00  2.33633039e+00  4.46000000e+00  3.23625636e+00 
 4.47000000e+00  4.47000000e+00  4.47000000e+00  2.33665146e+00  4.47000000e+00  3.24623805e+00 
 4.48000000e+00  4.48000000e+00  4.48000000e+00  2.33697177e+00  4.48000000e+00  3.25621981e+00 
 4.49000000e+00  4.49000000e+00  4.49000000e+00  2.33729133e+00  4.49000000e+00  3.26620162e+00 
 4.50000000e+00  4.50000000e+00  4.50000000e+00  2.33761016e+00  4.50000000e+00  3.27618348e+00 
 4.51000000e+00  4.51000000e+00  4.51000000e+00  2.33792825e+00  4.51000000e+00  3.28616540e+00 
 4.52000000e+00  4.52000000e+00  4.52000000e+00  2.33824562e+00  4.52000000e+00  3.29614738e+00 
 4.53000000e+00  4.53000000e+00  4.53000000e+00  2.33856228e+00  4.53000000e+00  3.30612941e+00 
 4.54000000e+00  4.54000000e+00  4.54000000e+00  2.33887822e+00  4.54000000e+00  3.31611149e+00 
 4.55000000e+00  4.55000000e+00  4.55000000e+00  2.33919345e+00  4.55000000e+00  3.32609363e+00 
 4.56000000e+00  4.56000000e+00  4.56000000e+00  2.33950799e+00  4.56000000e+00  3.33607582e+00 
 4.57000000e+00  4.57000000e+00  4.57000000e+00  2.33982183e+00  4.57000000e+00  3.34605806e+00 
 4.58000000e+00  4.58000000e+00  4.58000000e+00  2.34013499e+00  4.58000000e+00  3.35604035e+00 
 4.59000000e+00  4.59000000e+00  4.59000000e+00  2.34044746e+00  4.59000000e+00  3.36602270e+00 
 4.60000000e+00  4.60000000e+00  4.60000000e+00  2.34075926e+00  4.60000000e+00  3.37600509e+00 
 4.61000000e+00  4.61000000e+00  4.61000000e+00  2.34107039e+00  4.61000000e+00  3.38598754e+00 
 4.62000000e+00  4.62000000e+00  4.62000000e+00  2.34138086e+00  4.62000000e+00  3.39597003e+00 
 4.63000000e+00  4.63000000e+00  4.63000000e+00  2.34169066e+00  4.63000000e+00  3.40595258e+00 
 4.64000000e+00  4.64000000e+00  4.64000000e+00  2.34199982e+00  4.64000000e+00  3.41593517e+00 
 4.65000000e+00  4.65000000e+00  4.65000000e+00  2.34230832e+00  4.65000000e+00  3.42591781e+00 
 4.66000000e+00  4.66000000e+00  4.66000000e+00  2.34261618e+00  4.66000000e+00  3.43590051e+00 
 4.67000000e+00  4.67000000e+00  4.67000000e+00  2.34292341e+00  4.67000000e+00  3.44588325e+00 
 4.68000000e+00  4.68000000e+00  4.68000000e+00  2.34323000e+00  4.68000000e+00  3.45586603e+00 
 4.69000000e+00  4.69000000e+00  4.69000000e+00  2.34353596e+00  4.69000000e+00  3.46584887e+00 
 4.70000000e+00  4.70000000e+00  4.70000000e+00  2.34384130e+00  4.70000000e+00  3.47583175e+00 
 4.71000000e+00  4.71000000e+00  4.71000000e+00  2.34414602e+00  4.71000000e+00  3.48581468e+00 
 4.72000000e+00  4.72000000e+00  4.72000000e+00  2.34445012e+00  4.72000000e+00  3.49579766e+00 
 4.73000000e+00  4.73000000e+00  4.73000000e+00  2.34475362e+00  4.73000000e+00  3.50578069e+00 
 4.74000000e+00  4.74000000e+00  4.74000000e+00  2.34505651e+00  4.74000000e+00  3.51576376e+00 
 4.75000000e+00  4.75000000e+00  4.75000000e+00  2.34535879e+00  4.75000000e+00  3.52574687e+00 
 4.76000000e+00  4.76000000e+00  4.76000000e+00  2.34566048e+00  4.76000000e+00  3.53573004e+00 
 4.77000000e+00  4.77000000e+00  4.77000000e+00  2.34596158e+00  4.77000000e+00  3.54571325e+00 
 4.78000000e+00  4.78000000e+00  4.78000000e+00  2.34626209e+00  4.78000000e+00  3.55569651e+00 
 4.79000000e+00  4.79000000e+00  4.79000000e+00  2.34656202e+00  4.79000000e+00  3.56567981e+00 
 4.80000000e+00  4.80000000e+00  4.80000000e+00  2.34686136e+00  4.80000000e+00  3.57566316e+00 
 4.81000000e+00  4.81000000e+00  4.81000000e+00  2.34716012e+00  4.81000000e+00  3.58564656e+00 
 4.82000000e+00  4.82000000e+00  4.82000000e+00  2.34745831e+00  4.82000000e+00  3.59563000e+00 
 4.83000000e+00  4.83000000e+00  4.83000000e+00  2.34775593e+00  4.83000000e+00  3.60561349e+00 
 4.84000000e+00  4.84000000e+00  4.84000000e+00  2.34805298e+00  4.84000000e+00  3.61559703e+00 
 4.85000000e+00  4.85000000e+00  4.85000000e+00  2.34834947e+00  4.85000000e+00  3.62558061e+00 
 4.86000000e+00  4.86000000e+00  4.86000000e+00  2.34864540e+00  4.86000000e+00  3.63556424e+00 
 4.87000000e+00  4.87000000e+00  4.87000000e+00  2.34894076e+00  4.87000000e+00  3.64554792e+00 
 4.88000000e+00  4.88000000e+00  4.88000000e+00  2.34923558e+00  4.88000000e+00  3.65553164e+00 
 4.89000000e+00  4.89000000e+00  4.89000000e+00  2.34952984e+00  4.89000000e+00  3.66551541e+00 
 4.90000000e+00  4.90000000e+00  4.90000000e+00  2.34982355e+00  4.90000000e+00  3.67549923e+00 
 4.91000000e+00  4.91000000e+00  4.91000000e+00  2.35011671e+00  4.91000000e+00  3.68548310e+00 
 4.92000000e+00  4.92000000e+00  4.92000000e+00  2.35040934e+00  4.92000000e+00  3.69546701e+00 
 4.93000000e+00  4.93000000e+00  4.93000000e+00  2.35070141e+00  4.93000000e+00  3.70545098e+00 
 4.94000000e+00  4.94000000e+00  4.94000000e+00  2.35099295e+00  4.94000000e+00  3.71543499e+00 
 4.95000000e+00  4.95000000e+00  4.95000000e+00  2.35128396e+00  4.95000000e+00  3.72541905e+00 
 4.96000000e+00  4.96000000e+00  4.96000000e+00  2.35157442e+00  4.96000000e+00  3.73540316e+00 
 4.97000000e+00  4.97000000e+00  4.97000000e+00  2.35186436e+00  4.97000000e+00  3.74538732e+00 
 4.98000000e+00  4.98000000e+00  4.98000000e+00  2.35215376e+00  4.98000000e+00  3.75537154e+00 
 4.99000000e+00  4.99000000e+00  4.99000000e+00  2.35244264e+00  4.99000000e+00  3.76535580e+00 
 5.00000000e+00  5.00000000e+00  5.00000000e+00  2.35273098e+00  5.00000000e+00  3.77534012e+00 
 5.01000000e+00  5.01000000e+00  5.01000000e+00  2.35301880e+00  5.01000000e+00  3.78532448e+00 
 5.02000000e+00  5.02000000e+00  5.02000000e+00  2.35330609e+00  5.02000000e+00  3.79530891e+00 
 5.03000000e+00  5.03000000e+00  5.03000000e+00  2.35359287e+00  5.03000000e+00  3.80529338e+00 
 5.04000000e+00  5.04000000e+00  5.04000000e+00  2.35387911e+00  5.04000000e+00  3.81527791e+00 
 5.05000000e+00  5.05000000e+00  5.05000000e+00  2.35416484e+00  5.05000000e+00  3.82526250e+00 
 5.06000000e+00  5.06000000e+00  5.06000000e+00  2.35445005e+00  5.06000000e+00  3.83524714e+00 
 5.07000000e+00  5.07000000e+00  5.07000000e+00  2.35473474e+00  5.07000000e+00  3.84523184e+00 
 5.08000000e+00  5.08000000e+00  5.08000000e+00  2.35501890e+00  5.08000000e+00  3.85521659e+00 
 5.09000000e+00  5.09000000e+00  5.09000000e+00  2.35530255e+00  5.09000000e+00  3.86520141e+00 
 5.10000000e+00  5.10000000e+00  5.10000000e+00  2.35558568e+00  5.10000000e+00  3.87518628e+00 
 5.11000000e+00  5.11000000e+00  5.11000000e+00  2.35586830e+00  5.11000000e+00  3.88517122e+00 
 5.12000000e+00  5.12000000e+00  5.12000000e+00  2.35615039e+00  5.12000000e+00  3.89515621e+00 
 5.13000000e+00  5.13000000e+00  5.13000000e+00  2.35643197e+00  5.13000000e+00  3.90514128e+00 
 5.14000000e+00  5.14000000e+00  5.14000000e+00  2.35671303e+00  5.14000000e+00  3.91512640e+00 
 5.15000000e+00  5.15000000e+00  5.15000000e+00  2.35699357e+00  5.15000000e+00  3.92511159e+00 
 5.16000000e+00  5.16000000e+00  5.16000000e+00  2.35727359e+00  5.16000000e+00  3.93509685e+00 
 5.17000000e+00  5.17000000e+00  5.17000000e+00  2.35755310e+00  5.17000000e+00  3.94508217e+00 
 5.18000000e+00  5.18000000e+00  5.18000000e+00  2.35783208e+00  5.18000000e+00  3.95506757e+00 
 5.19000000e+00  5.19000000e+00  5.19000000e+00  2.35811054e+00  5.19000000e+00  3.96505303e+00 
 5.20000000e+00  5.20000000e+00  5.20000000e+00  2.35838848e+00  5.20000000e+00  3.97503857e+00 
 5.21000000e+00  5.21000000e+00  5.21000000e+00  2.35866590e+00  5.21000000e+00  3.98502418e+00 
 5.22000000e+00  5.22000000e+00  5.22000000e+00  2.35894279e+00  5.22000000e+00  3.99500987e+00 
 5.23000000e+00  5.23000000e+00  5.23000000e+00  2.35921915e+00  5.23000000e+00  4.00499563e+00 
 5.24000000e+00  5.24000000e+00  5.24000000e+00  2.35949499e+00  5.24000000e+00  4.01498147e+00 
 5.25000000e+00  5.25000000e+00  5.25000000e+00  2.35977030e+00  5.25000000e+00  4.02496740e+00 
 5.26000000e+00  5.26000000e+00  5.26000000e+00  2.36004507e+00  5.26000000e+00  4.03495341e+00 
 5.27000000e+00  5.27000000e+00  5.27000000e+00  2.36031931e+00  5.27000000e+00  4.04493950e+00 
 5.28000000e+00  5.28000000e+00  5.28000000e+00  2.36059301e+00  5.28000000e+00  4.05492568e+00 
 5.29000000e+00  5.29000000e+00  5.29000000e+00  2.36086617e+00  5.29000000e+00  4.06491194e+00 
 5.30000000e+00  5.30000000e+00  5.30000000e+00  2.36113879e+00  5.30000000e+00  4.07489830e+00 
 5.31000000e+00  5.31000000e+00  5.31000000e+00  2.36141087e+00  5.31000000e+00  4.08488475e+00 
 5.32000000e+00  5.32000000e+00  5.32000000e+00  2.36168240e+00  5.32000000e+00  4.09487130e+00 
 5.33000000e+00  5.33000000e+00  5.33000000e+00  2.36195337e+00  5.33000000e+00  4.10485794e+00 
 5.34000000e+00  5.34000000e+00  5.34000000e+00  2.36222379e+00  5.34000000e+00  4.11484468e+00 
 5.35000000e+00  5.35000000e+00  5.35000000e+00  2.36249365e+00  5.35000000e+00  4.12483153e+00 
 5.36000000e+00  5.36000000e+00  5.36000000e+00  2.36276294e+00  5.36000000e+00  4.13481848e+00 
 5.37000000e+00  5.37000000e+00  5.37000000e+00  2.36303167e+00  5.37000000e+00  4.14480554e+00 
 5.38000000e+00  5.38000000e+00  5.38000000e+00  2.36329983e+00  5.38000000e+00  4.15479271e+00 
 5.39000000e+00  5.39000000e+00  5.39000000e+00  2.36356741e+00  5.39000000e+00  4.16478000e+00 
 5.40000000e+00  5.40000000e+00  5.40000000e+00  2.36383440e+00  5.40000000e+00  4.17476740e+00 
 5.41000000e+00  5.41000000e+00  5.41000000e+00  2.36410082e+00  5.41000000e+00  4.18475491e+00 
 5.42000000e+00  5.42000000e+00  5.42000000e+00  2.36436664e+00  5.42000000e+00  4.19474256e+00 
 5.43000000e+00  5.43000000e+00  5.43000000e+00  2.36463186e+00  5.43000000e+00  4.20473032e+00 
 5.44000000e+00  5.44000000e+00  5.44000000e+00  2.36489648e+00  5.44000000e+00  4.21471822e+00 
 5.45000000e+00  5.45000000e+00  5.45000000e+00  2.36516049e+00  5.45000000e+00  4.22470625e+00 
 5.46000000e+00  5.46000000e+00  5.46000000e+00  2.36542389e+00  5.46000000e+00  4.23469441e+00 
 5.47000000e+00  5.47000000e+00  5.47000000e+00  2.36568666e+00  5.47000000e+00  4.24468272e+00 
 5.48000000e+00  5.48000000e+00  5.48000000e+00  2.36594881e+00  5.48000000e+00  4.25467116e+00 
 5.49000000e+00  5.49000000e+00  5.49000000e+00  2.36621033e+00  5.49000000e+00  4.26465975e+00 
 5.50000000e+00  5.50000000e+00  5.50000000e+00  2.36647120e+00  5.50000000e+00  4.27464850e+00 
 5.51000000e+00  5.51000000e+00  5.51000000e+00  2.36673142e+00  5.51000000e+00  4.28463739e+00 
 5.52000000e+00  5.52000000e+00  5.52000000e+00  2.36699099e+00  5.52000000e+00  4.29462645e+00 
 5.53000000e+00  5.53000000e+00  5.53000000e+00  2.36724989e+00  5.53000000e+00  4.30461566e+00 
 5.54000000e+00  5.54000000e+00  5.54000000e+00  2.36750812e+00  5.54000000e+00  4.31460505e+00 
 5.55000000e+00  5.55000000e+00  5.55000000e+00  2.36776567e+00  5.55000000e+00  4.32459460e+00 
 5.56000000e+00  5.56000000e+00  5.56000000e+00  2.36802253e+00  5.56000000e+00  4.33458433e+00 
 5.57000000e+00  5.57000000e+00  5.57000000e+00  2.36827869e+00  5.57000000e+00  4.34457424e+00 
 5.58000000e+00  5.58000000e+00  5.58000000e+00  2.36853414e+00  5.58000000e+00  4.35456433e+00 
 5.59000000e+00  5.59000000e+00  5.59000000e+00  2.36878888e+00  5.59000000e+00  4.36455461e+00 
 5.60000000e+00  5.60000000e+00  5.60000000e+00  2.36904289e+00  5.60000000e+00  4.37454509e+00 
 5.61000000e+00  5.61000000e+00  5.61000000e+00  2.36929617e+00  5.61000000e+00  4.38453576e+00 
 5.62000000e+00  5.62000000e+00  5.62000000e+00  2.36954870e+00  5.62000000e+00  4.39452664e+00 
 5.63000000e+00  5.63000000e+00  5.63000000e+00  2.36980047e+00  5.63000000e+00  4.40451773e+00 
 5.64000000e+00  5.64000000e+00  5.64000000e+00  2.37005148e+00  5.64000000e+00  4.41450903e+00 
 5.65000000e+00  5.65000000e+00  5.65000000e+00  2.37030171e+00  5.65000000e+00  4.42450055e+00 
 5.66000000e+00  5.66000000e+00  5.66000000e+00  2.37055115e+00  5.66000000e+00  4.43449229e+00 
 5.67000000e+00  5.67000000e+00  5.67000000e+00  2.37079979e+00  5.67000000e+00  4.44448427e+00 
 5.68000000e+00  5.68000000e+00  5.68000000e+00  2.37104761e+00  5.68000000e+00  4.45447648e+00 
 5.69000000e+00  5.69000000e+00  5.69000000e+00  2.37129462e+00  5.69000000e+00  4.46446894e+00 
 5.70000000e+00  5.70000000e+00  5.70000000e+00  2.37154078e+00  5.70000000e+00  4.47446164e+00 
 5.71000000e+00  5.71000000e+00  5.71000000e+00  2.37178610e+00  5.71000000e+00  4.48445460e+00 
 5.72000000e+00  5.72000000e+00  5.72000000e+00  2.37203055e+00  5.72000000e+00  4.49444782e+00 
 5.73000000e+00  5.73000000e+00  5.73000000e+00  2.37227413e+00  5.73000000e+00  4.50444130e+00 
 5.74000000e+00  5.74000000e+00  5.74000000e+00  2.37251681e+00  5.74000000e+00  4.51443506e+00 
 5.75000000e+00  5.75000000e+00  5.75000000e+00  2.37275860e+00  5.75000000e+00  4.52442910e+00 
 5.76000000e+00  5.76000000e+00  5.76000000e+00  2.37299947e+00  5.76000000e+00  4.53442342e+00 
 5.77000000e+00  5.77000000e+00  5.77000000e+00  2.37323940e+00  5.77000000e+00  4.54441804e+00 
 5.78000000e+00  5.78000000e+00  5.78000000e+00  2.37347840e+00  5.78000000e+00  4.55441296e+00 
 5.79000000e+00  5.79000000e+00  5.79000000e+00  2.37371642e+00  5.79000000e+00  4.56440819e+00 
 5.80000000e+00  5.80000000e+00  5.80000000e+00  2.37395348e+00  5.80000000e+00  4.57440373e+00 
 5.81000000e+00  5.81000000e+00  5.81000000e+00  2.37418954e+00  5.81000000e+00  4.58439959e+00 
 5.82000000e+00  5.82000000e+00  5.82000000e+00  2.37442459e+00  5.82000000e+00  4.59439578e+00 
 5.83000000e+00  5.83000000e+00  5.83000000e+00  2.37465862e+00  5.83000000e+00  4.60439231e+00 
 5.84000000e+00  5.84000000e+00  5.84000000e+00  2.37489161e+00  5.84000000e+00  4.61438918e+00 
 5.85000000e+00  5.85000000e+00  5.85000000e+00  2.37512354e+00  5.85000000e+00  4.62438641e+00 
 5.86000000e+00  5.86000000e+00  5.86000000e+00  2.37535439e+00  5.86000000e+00  4.63438400e+00 
 5.87000000e+00  5.87000000e+00  5.87000000e+00  2.37558415e+00  5.87000000e+00  4.64438195e+00 
 5.88000000e+00  5.88000000e+00  5.88000000e+00  2.37581281e+00  5.88000000e+00  4.65438029e+00 
 5.89000000e+00  5.89000000e+00  5.89000000e+00  2.37604033e+00  5.89000000e+00  4.66437901e+00 
 5.90000000e+00  5.90000000e+00  5.90000000e+00  2.37626671e+00  5.90000000e+00  4.67437812e+00 
 5.91000000e+00  5.91000000e+00  5.91000000e+00  2.37649192e+00  5.91000000e+00  4.68437764e+00 
 5.92000000e+00  5.92000000e+00  5.92000000e+00  2.37671595e+00  5.92000000e+00  4.69437756e+00 
 5.93000000e+00  5.93000000e+00  5.93000000e+00  2.37693878e+00  5.93000000e+00  4.70437791e+00 
 5.94000000e+00  5.94000000e+00  5.94000000e+00  2.37716038e+00  5.94000000e+00  4.71437869e+00 
 5.95000000e+00  5.95000000e+00  5.95000000e+00  2.37738074e+00  5.95000000e+00  4.72437991e+00 
 5.96000000e+00  5.96000000e+00  5.96000000e+00  2.37759983e+00  5.96000000e+00  4.73438157e+00 
 5.97000000e+00  5.97000000e+00  5.97000000e+00  2.37781764e+00  5.97000000e+00  4.74438370e+00 
 5.98000000e+00  5.98000000e+00  5.98000000e+00  2.37803415e+00  5.98000000e+00  4.75438629e+00 
 5.99000000e+00  5.99000000e+00  5.99000000e+00  2.37824932e+00  5.99000000e+00  4.76438936e+00 
 6.00000000e+00  6.00000000e+00  6.00000000e+00  2.37846315e+00  6.00000000e+00  4.77439291e+00 
