 1.00000000e-12  0.00000000e+00  1.00000000e-12  3.75540303e-07  1.00000000e-12  1.65064629e-06 
 2.00000000e-12  0.00000000e+00  2.00000000e-12  7.51605278e-07  2.00000000e-12  3.30359949e-06 
 4.00000000e-12  0.00000000e+00  4.00000000e-12  1.50529252e-06  4.00000000e-12  6.61635029e-06 
 8.00000000e-12  0.00000000e+00  8.00000000e-12  3.01882464e-06  8.00000000e-12  1.32689153e-05 
 1.60000000e-11  0.00000000e+00  1.60000000e-11  6.06994160e-06  1.60000000e-11  2.66797586e-05 
 3.20000000e-11  0.00000000e+00  3.20000000e-11  1.22637353e-05  3.20000000e-11  5.39038542e-05 
 6.40000000e-11  0.00000000e+00  6.40000000e-11  2.49814203e-05  6.40000000e-11  1.09802814e-04 
 1.00000000e-10  0.00000000e+00  1.00000000e-10  3.97378276e-05  1.00000000e-10  1.74662485e-04 
 1.06400000e-10  0.00000000e+00  1.06400000e-10  4.24043433e-05  1.06400000e-10  1.86382745e-04 
 1.19200000e-10  0.00000000e+00  1.19200000e-10  4.77719632e-05  1.19200000e-10  2.09975266e-04 
 1.44800000e-10  0.00000000e+00  1.44800000e-10  5.86219940e-05  1.44800000e-10  2.57664750e-04 
 1.96000000e-10  0.00000000e+00  1.96000000e-10  7.99008973e-05  1.96000000e-10  3.51192174e-04 
 2.96000000e-10  0.00000000e+00  2.96000000e-10  1.09604615e-04  2.96000000e-10  4.81748358e-04 
 3.96000000e-10  0.00000000e+00  3.96000000e-10  8.48504065e-05  3.96000000e-10  3.72946722e-04 
 4.96000000e-10  0.00000000e+00  4.96000000e-10  2.94789401e-05  4.96000000e-10  1.29571030e-04 
 5.96000000e-10  0.00000000e+00  5.96000000e-10  9.66746191e-06  5.96000000e-10  4.24922370e-05 
 6.96000000e-10  0.00000000e+00  6.96000000e-10  4.32727681e-06  6.96000000e-10  1.90200725e-05 
 7.96000000e-10  0.00000000e+00  7.96000000e-10  2.01609796e-06  7.96000000e-10  8.86154874e-06 
 8.96000000e-10  0.00000000e+00  8.96000000e-10  9.25282097e-07  8.96000000e-10  4.06698839e-06 
 9.96000000e-10  0.00000000e+00  9.96000000e-10  4.51377185e-07  9.96000000e-10  1.98399146e-06 
 1.09600000e-09  4.80000000e+00  1.09600000e-09  1.64101549e+00  1.09600000e-09  4.33133476e+00 
 1.10000000e-09  5.00000000e+00  1.10000000e-09  1.68715551e+00  1.10000000e-09  4.51240352e+00 
 1.10450192e-09  5.00000000e+00  1.10450192e-09  1.67553815e+00  1.10450192e-09  4.51231145e+00 
 1.11350576e-09  5.00000000e+00  1.11350576e-09  1.65389439e+00  1.11350576e-09  4.51135496e+00 
 1.13057371e-09  5.00000000e+00  1.13057371e-09  1.61993359e+00  1.13057371e-09  4.50754205e+00 
 1.16470962e-09  5.00000000e+00  1.16470962e-09  1.56914094e+00  1.16470962e-09  4.49764607e+00 
 1.23298143e-09  5.00000000e+00  1.23298143e-09  1.50232280e+00  1.23298143e-09  4.47070437e+00 
 1.33298143e-09  5.00000000e+00  1.33298143e-09  1.44239309e+00  1.33298143e-09  4.41608896e+00 
 1.43298143e-09  5.00000000e+00  1.43298143e-09  1.40197108e+00  1.43298143e-09  4.34868562e+00 
 1.53298143e-09  5.00000000e+00  1.53298143e-09  1.37062786e+00  1.53298143e-09  4.27367231e+00 
 1.63298143e-09  5.00000000e+00  1.63298143e-09  1.34682931e+00  1.63298143e-09  4.19671090e+00 
 1.73298143e-09  5.00000000e+00  1.73298143e-09  1.33546892e+00  1.73298143e-09  4.12507787e+00 
 1.83298143e-09  5.00000000e+00  1.83298143e-09  1.34740820e+00  1.83298143e-09  4.05859102e+00 
 1.93298143e-09  5.00000000e+00  1.93298143e-09  1.39547058e+00  1.93298143e-09  3.99485324e+00 
 2.03298143e-09  5.00000000e+00  2.03298143e-09  1.48642412e+00  2.03298143e-09  3.93342282e+00 
 2.13298143e-09  5.00000000e+00  2.13298143e-09  1.61465074e+00  2.13298143e-09  3.87397396e+00 
 2.23298143e-09  5.00000000e+00  2.23298143e-09  1.76567995e+00  2.23298143e-09  3.81586433e+00 
 2.33298143e-09  5.00000000e+00  2.33298143e-09  1.92711008e+00  2.33298143e-09  3.75882823e+00 
 2.43298143e-09  5.00000000e+00  2.43298143e-09  2.09164205e+00  2.43298143e-09  3.70349406e+00 
 2.53298143e-09  5.00000000e+00  2.53298143e-09  2.25296933e+00  2.53298143e-09  3.65170347e+00 
 2.63298143e-09  5.00000000e+00  2.63298143e-09  2.40236139e+00  2.63298143e-09  3.60654693e+00 
 2.73298143e-09  5.00000000e+00  2.73298143e-09  2.53003866e+00  2.73298143e-09  3.57170007e+00 
 2.83298143e-09  5.00000000e+00  2.83298143e-09  2.62746306e+00  2.83298143e-09  3.55006010e+00 
 2.93298143e-09  5.00000000e+00  2.93298143e-09  2.68982330e+00  2.93298143e-09  3.54247908e+00 
 3.03298143e-09  5.00000000e+00  3.03298143e-09  2.71756042e+00  3.03298143e-09  3.54741725e+00 
 3.13298143e-09  5.00000000e+00  3.13298143e-09  2.71574309e+00  3.13298143e-09  3.56162747e+00 
 3.23298143e-09  5.00000000e+00  3.23298143e-09  2.69215794e+00  3.23298143e-09  3.58117007e+00 
 3.33298143e-09  5.00000000e+00  3.33298143e-09  2.65505578e+00  3.33298143e-09  3.60241302e+00 
 3.43298143e-09  5.00000000e+00  3.43298143e-09  2.61159777e+00  3.43298143e-09  3.62256494e+00 
 3.53298143e-09  5.00000000e+00  3.53298143e-09  2.56798837e+00  3.53298143e-09  3.63979980e+00 
 3.63298143e-09  5.00000000e+00  3.63298143e-09  2.52788683e+00  3.63298143e-09  3.65315782e+00 
 3.73298143e-09  5.00000000e+00  3.73298143e-09  2.49378544e+00  3.73298143e-09  3.66239575e+00 
 3.83298143e-09  5.00000000e+00  3.83298143e-09  2.46684165e+00  3.83298143e-09  3.66773653e+00 
 3.93298143e-09  5.00000000e+00  3.93298143e-09  2.44727955e+00  3.93298143e-09  3.66968250e+00 
 4.03298143e-09  5.00000000e+00  4.03298143e-09  2.43469941e+00  4.03298143e-09  3.66887672e+00 
 4.13298143e-09  5.00000000e+00  4.13298143e-09  2.42829703e+00  4.13298143e-09  3.66600810e+00 
 4.23298143e-09  5.00000000e+00  4.23298143e-09  2.42703360e+00  4.23298143e-09  3.66175073e+00 
 4.33298143e-09  5.00000000e+00  4.33298143e-09  2.42976007e+00  4.33298143e-09  3.65672524e+00 
 4.43298143e-09  5.00000000e+00  4.43298143e-09  2.43531374e+00  4.43298143e-09  3.65147464e+00 
 4.53298143e-09  5.00000000e+00  4.53298143e-09  2.44259557e+00  4.53298143e-09  3.64644742e+00 
 4.63298143e-09  5.00000000e+00  4.63298143e-09  2.45062413e+00  4.63298143e-09  3.64198889e+00 
 4.73298143e-09  5.00000000e+00  4.73298143e-09  2.45857474e+00  4.73298143e-09  3.63833829e+00 
 4.83298143e-09  5.00000000e+00  4.83298143e-09  2.46580886e+00  4.83298143e-09  3.63562985e+00 
 4.93298143e-09  5.00000000e+00  4.93298143e-09  2.47188111e+00  4.93298143e-09  3.63390139e+00 
 5.03298143e-09  5.00000000e+00  5.03298143e-09  2.47653406e+00  5.03298143e-09  3.63310831e+00 
 5.13298143e-09  5.00000000e+00  5.13298143e-09  2.47967933e+00  5.13298143e-09  3.63314168e+00 
 5.23298143e-09  5.00000000e+00  5.23298143e-09  2.48136941e+00  5.23298143e-09  3.63384879e+00 
 5.33298143e-09  5.00000000e+00  5.33298143e-09  2.48176343e+00  5.33298143e-09  3.63505371e+00 
 5.43298143e-09  5.00000000e+00  5.43298143e-09  2.48109126e+00  5.43298143e-09  3.63657610e+00 
 5.53298143e-09  5.00000000e+00  5.53298143e-09  2.47961927e+00  5.53298143e-09  3.63824668e+00 
 5.63298143e-09  5.00000000e+00  5.63298143e-09  2.47762074e+00  5.63298143e-09  3.63991846e+00 
 5.73298143e-09  5.00000000e+00  5.73298143e-09  2.47535236e+00  5.73298143e-09  3.64147374e+00 
 5.83298143e-09  5.00000000e+00  5.83298143e-09  2.47303782e+00  5.83298143e-09  3.64282706e+00 
 5.93298143e-09  5.00000000e+00  5.93298143e-09  2.47085677e+00  5.93298143e-09  3.64392483e+00 
 6.03298143e-09  5.00000000e+00  6.03298143e-09  2.46894166e+00  6.03298143e-09  3.64474261e+00 
 6.13298143e-09  5.00000000e+00  6.13298143e-09  2.46737752e+00  6.13298143e-09  3.64528071e+00 
 6.23298143e-09  5.00000000e+00  6.23298143e-09  2.46620610e+00  6.23298143e-09  3.64555888e+00 
 6.33298143e-09  5.00000000e+00  6.33298143e-09  2.46543195e+00  6.33298143e-09  3.64561089e+00 
 6.43298143e-09  5.00000000e+00  6.43298143e-09  2.46503005e+00  6.43298143e-09  3.64547917e+00 
 6.53298143e-09  5.00000000e+00  6.53298143e-09  2.46495378e+00  6.53298143e-09  3.64521009e+00 
 6.63298143e-09  5.00000000e+00  6.63298143e-09  2.46514282e+00  6.63298143e-09  3.64484998e+00 
 6.73298143e-09  5.00000000e+00  6.73298143e-09  2.46553021e+00  6.73298143e-09  3.64444191e+00 
 6.83298143e-09  5.00000000e+00  6.83298143e-09  2.46604855e+00  6.83298143e-09  3.64402342e+00 
 6.93298143e-09  5.00000000e+00  6.93298143e-09  2.46663482e+00  6.93298143e-09  3.64362511e+00 
 7.03298143e-09  5.00000000e+00  7.03298143e-09  2.46723403e+00  7.03298143e-09  3.64326990e+00 
 7.13298143e-09  5.00000000e+00  7.13298143e-09  2.46780130e+00  7.13298143e-09  3.64297305e+00 
 7.23298143e-09  5.00000000e+00  7.23298143e-09  2.46830318e+00  7.23298143e-09  3.64274266e+00 
 7.33298143e-09  5.00000000e+00  7.33298143e-09  2.46871759e+00  7.33298143e-09  3.64258057e+00 
 7.43298143e-09  5.00000000e+00  7.43298143e-09  2.46903311e+00  7.43298143e-09  3.64248353e+00 
 7.53298143e-09  5.00000000e+00  7.53298143e-09  2.46924756e+00  7.53298143e-09  3.64244447e+00 
 7.63298143e-09  5.00000000e+00  7.63298143e-09  2.46936628e+00  7.63298143e-09  3.64245378e+00 
 7.73298143e-09  5.00000000e+00  7.73298143e-09  2.46940022e+00  7.73298143e-09  3.64250051e+00 
 7.83298143e-09  5.00000000e+00  7.83298143e-09  2.46936395e+00  7.83298143e-09  3.64257344e+00 
 7.93298143e-09  5.00000000e+00  7.93298143e-09  2.46927395e+00  7.93298143e-09  3.64266188e+00 
 8.03298143e-09  5.00000000e+00  8.03298143e-09  2.46914700e+00  8.03298143e-09  3.64275637e+00 
 8.13298143e-09  5.00000000e+00  8.13298143e-09  2.46899894e+00  8.13298143e-09  3.64284900e+00 
 8.23298143e-09  5.00000000e+00  8.23298143e-09  2.46884375e+00  8.23298143e-09  3.64293371e+00 
 8.33298143e-09  5.00000000e+00  8.33298143e-09  2.46869298e+00  8.33298143e-09  3.64300628e+00 
 8.43298143e-09  5.00000000e+00  8.43298143e-09  2.46855543e+00  8.43298143e-09  3.64306425e+00 
 8.53298143e-09  5.00000000e+00  8.53298143e-09  2.46843712e+00  8.53298143e-09  3.64310673e+00 
 8.63298143e-09  5.00000000e+00  8.63298143e-09  2.46834145e+00  8.63298143e-09  3.64313407e+00 
 8.73298143e-09  5.00000000e+00  8.73298143e-09  2.46826953e+00  8.73298143e-09  3.64314764e+00 
 8.83298143e-09  5.00000000e+00  8.83298143e-09  2.46822055e+00  8.83298143e-09  3.64314948e+00 
 8.93298143e-09  5.00000000e+00  8.93298143e-09  2.46819228e+00  8.93298143e-09  3.64314201e+00 
 9.03298143e-09  5.00000000e+00  9.03298143e-09  2.46818152e+00  9.03298143e-09  3.64312779e+00 
 9.13298143e-09  5.00000000e+00  9.13298143e-09  2.46818452e+00  9.13298143e-09  3.64310931e+00 
 9.23298143e-09  5.00000000e+00  9.23298143e-09  2.46819735e+00  9.23298143e-09  3.64308881e+00 
 9.33298143e-09  5.00000000e+00  9.33298143e-09  2.46821624e+00  9.33298143e-09  3.64306821e+00 
 9.43298143e-09  5.00000000e+00  9.43298143e-09  2.46823781e+00  9.43298143e-09  3.64304901e+00 
 9.53298143e-09  5.00000000e+00  9.53298143e-09  2.46825919e+00  9.53298143e-09  3.64303229e+00 
 9.63298143e-09  5.00000000e+00  9.63298143e-09  2.46827816e+00  9.63298143e-09  3.64301872e+00 
 9.73298143e-09  5.00000000e+00  9.73298143e-09  2.46829314e+00  9.73298143e-09  3.64300861e+00 
 9.83298143e-09  5.00000000e+00  9.83298143e-09  2.46830317e+00  9.83298143e-09  3.64300195e+00 
 9.93298143e-09  5.00000000e+00  9.93298143e-09  2.46830783e+00  9.93298143e-09  3.64299849e+00 
 1.00329814e-08  5.00000000e+00  1.00329814e-08  2.46830720e+00  1.00329814e-08  3.64299779e+00 
 1.01329814e-08  5.00000000e+00  1.01329814e-08  2.46830170e+00  1.01329814e-08  3.64299933e+00 
 1.02329814e-08  5.00000000e+00  1.02329814e-08  2.46829201e+00  1.02329814e-08  3.64300253e+00 
 1.03329814e-08  5.00000000e+00  1.03329814e-08  2.46827896e+00  1.03329814e-08  3.64300682e+00 
 1.04329814e-08  5.00000000e+00  1.04329814e-08  2.46826343e+00  1.04329814e-08  3.64301168e+00 
 1.05329814e-08  5.00000000e+00  1.05329814e-08  2.46824632e+00  1.05329814e-08  3.64301664e+00 
 1.06329814e-08  5.00000000e+00  1.06329814e-08  2.46822841e+00  1.06329814e-08  3.64302134e+00 
 1.07329814e-08  5.00000000e+00  1.07329814e-08  2.46821039e+00  1.07329814e-08  3.64302552e+00 
 1.08329814e-08  5.00000000e+00  1.08329814e-08  2.46819281e+00  1.08329814e-08  3.64302901e+00 
 1.09329814e-08  5.00000000e+00  1.09329814e-08  2.46817608e+00  1.09329814e-08  3.64303171e+00 
 1.10329814e-08  5.00000000e+00  1.10329814e-08  2.46816043e+00  1.10329814e-08  3.64303361e+00 
 1.11329814e-08  5.00000000e+00  1.11329814e-08  2.46814599e+00  1.11329814e-08  3.64303477e+00 
 1.12329814e-08  5.00000000e+00  1.12329814e-08  2.46813278e+00  1.12329814e-08  3.64303527e+00 
 1.13329814e-08  5.00000000e+00  1.13329814e-08  2.46812070e+00  1.13329814e-08  3.64303524e+00 
 1.14329814e-08  5.00000000e+00  1.14329814e-08  2.46810963e+00  1.14329814e-08  3.64303480e+00 
 1.15329814e-08  5.00000000e+00  1.15329814e-08  2.46809937e+00  1.15329814e-08  3.64303408e+00 
 1.16329814e-08  5.00000000e+00  1.16329814e-08  2.46808971e+00  1.16329814e-08  3.64303321e+00 
 1.17329814e-08  5.00000000e+00  1.17329814e-08  2.46808047e+00  1.17329814e-08  3.64303231e+00 
 1.18329814e-08  5.00000000e+00  1.18329814e-08  2.46807145e+00  1.18329814e-08  3.64303144e+00 
 1.19329814e-08  5.00000000e+00  1.19329814e-08  2.46806248e+00  1.19329814e-08  3.64303069e+00 
 1.20329814e-08  5.00000000e+00  1.20329814e-08  2.46805344e+00  1.20329814e-08  3.64303010e+00 
 1.21329814e-08  5.00000000e+00  1.21329814e-08  2.46804422e+00  1.21329814e-08  3.64302969e+00 
 1.22329814e-08  5.00000000e+00  1.22329814e-08  2.46803476e+00  1.22329814e-08  3.64302946e+00 
 1.23329814e-08  5.00000000e+00  1.23329814e-08  2.46802503e+00  1.23329814e-08  3.64302940e+00 
 1.24329814e-08  5.00000000e+00  1.24329814e-08  2.46801502e+00  1.24329814e-08  3.64302950e+00 
 1.25329814e-08  5.00000000e+00  1.25329814e-08  2.46800475e+00  1.25329814e-08  3.64302974e+00 
 1.26329814e-08  5.00000000e+00  1.26329814e-08  2.46799424e+00  1.26329814e-08  3.64303007e+00 
 1.27329814e-08  5.00000000e+00  1.27329814e-08  2.46798354e+00  1.27329814e-08  3.64303047e+00 
 1.28329814e-08  5.00000000e+00  1.28329814e-08  2.46797269e+00  1.28329814e-08  3.64303092e+00 
 1.29329814e-08  5.00000000e+00  1.29329814e-08  2.46796174e+00  1.29329814e-08  3.64303137e+00 
 1.30329814e-08  5.00000000e+00  1.30329814e-08  2.46795074e+00  1.30329814e-08  3.64303182e+00 
 1.31329814e-08  5.00000000e+00  1.31329814e-08  2.46793972e+00  1.31329814e-08  3.64303225e+00 
 1.32329814e-08  5.00000000e+00  1.32329814e-08  2.46792871e+00  1.32329814e-08  3.64303264e+00 
 1.33329814e-08  5.00000000e+00  1.33329814e-08  2.46791775e+00  1.33329814e-08  3.64303299e+00 
 1.34329814e-08  5.00000000e+00  1.34329814e-08  2.46790684e+00  1.34329814e-08  3.64303330e+00 
 1.35329814e-08  5.00000000e+00  1.35329814e-08  2.46789599e+00  1.35329814e-08  3.64303357e+00 
 1.36329814e-08  5.00000000e+00  1.36329814e-08  2.46788522e+00  1.36329814e-08  3.64303380e+00 
 1.37329814e-08  5.00000000e+00  1.37329814e-08  2.46787451e+00  1.37329814e-08  3.64303399e+00 
 1.38329814e-08  5.00000000e+00  1.38329814e-08  2.46786386e+00  1.38329814e-08  3.64303417e+00 
 1.39329814e-08  5.00000000e+00  1.39329814e-08  2.46785326e+00  1.39329814e-08  3.64303432e+00 
 1.40329814e-08  5.00000000e+00  1.40329814e-08  2.46784270e+00  1.40329814e-08  3.64303446e+00 
 1.41329814e-08  5.00000000e+00  1.41329814e-08  2.46783216e+00  1.41329814e-08  3.64303460e+00 
 1.42329814e-08  5.00000000e+00  1.42329814e-08  2.46782165e+00  1.42329814e-08  3.64303474e+00 
 1.43329814e-08  5.00000000e+00  1.43329814e-08  2.46781114e+00  1.43329814e-08  3.64303489e+00 
 1.44329814e-08  5.00000000e+00  1.44329814e-08  2.46780064e+00  1.44329814e-08  3.64303504e+00 
 1.45329814e-08  5.00000000e+00  1.45329814e-08  2.46779013e+00  1.45329814e-08  3.64303520e+00 
 1.46329814e-08  5.00000000e+00  1.46329814e-08  2.46777961e+00  1.46329814e-08  3.64303537e+00 
 1.47329814e-08  5.00000000e+00  1.47329814e-08  2.46776908e+00  1.47329814e-08  3.64303555e+00 
 1.48329814e-08  5.00000000e+00  1.48329814e-08  2.46775854e+00  1.48329814e-08  3.64303574e+00 
 1.49329814e-08  5.00000000e+00  1.49329814e-08  2.46774798e+00  1.49329814e-08  3.64303594e+00 
 1.50329814e-08  5.00000000e+00  1.50329814e-08  2.46773742e+00  1.50329814e-08  3.64303615e+00 
 1.51329814e-08  5.00000000e+00  1.51329814e-08  2.46772684e+00  1.51329814e-08  3.64303635e+00 
 1.52329814e-08  5.00000000e+00  1.52329814e-08  2.46771626e+00  1.52329814e-08  3.64303657e+00 
 1.53329814e-08  5.00000000e+00  1.53329814e-08  2.46770568e+00  1.53329814e-08  3.64303678e+00 
 1.54329814e-08  5.00000000e+00  1.54329814e-08  2.46769509e+00  1.54329814e-08  3.64303699e+00 
 1.55329814e-08  5.00000000e+00  1.55329814e-08  2.46768450e+00  1.55329814e-08  3.64303720e+00 
 1.56329814e-08  5.00000000e+00  1.56329814e-08  2.46767392e+00  1.56329814e-08  3.64303741e+00 
 1.57329814e-08  5.00000000e+00  1.57329814e-08  2.46766334e+00  1.57329814e-08  3.64303762e+00 
 1.58329814e-08  5.00000000e+00  1.58329814e-08  2.46765277e+00  1.58329814e-08  3.64303782e+00 
 1.59329814e-08  5.00000000e+00  1.59329814e-08  2.46764220e+00  1.59329814e-08  3.64303803e+00 
 1.60329814e-08  5.00000000e+00  1.60329814e-08  2.46763163e+00  1.60329814e-08  3.64303823e+00 
 1.61329814e-08  5.00000000e+00  1.61329814e-08  2.46762108e+00  1.61329814e-08  3.64303843e+00 
 1.62329814e-08  5.00000000e+00  1.62329814e-08  2.46761053e+00  1.62329814e-08  3.64303862e+00 
 1.63329814e-08  5.00000000e+00  1.63329814e-08  2.46759998e+00  1.63329814e-08  3.64303882e+00 
 1.64329814e-08  5.00000000e+00  1.64329814e-08  2.46758944e+00  1.64329814e-08  3.64303902e+00 
 1.65329814e-08  5.00000000e+00  1.65329814e-08  2.46757891e+00  1.65329814e-08  3.64303921e+00 
 1.66329814e-08  5.00000000e+00  1.66329814e-08  2.46756837e+00  1.66329814e-08  3.64303941e+00 
 1.67329814e-08  5.00000000e+00  1.67329814e-08  2.46755784e+00  1.67329814e-08  3.64303960e+00 
 1.68329814e-08  5.00000000e+00  1.68329814e-08  2.46754732e+00  1.68329814e-08  3.64303980e+00 
 1.69329814e-08  5.00000000e+00  1.69329814e-08  2.46753679e+00  1.69329814e-08  3.64303999e+00 
 1.70329814e-08  5.00000000e+00  1.70329814e-08  2.46752627e+00  1.70329814e-08  3.64304019e+00 
 1.71329814e-08  5.00000000e+00  1.71329814e-08  2.46751575e+00  1.71329814e-08  3.64304039e+00 
 1.72329814e-08  5.00000000e+00  1.72329814e-08  2.46750523e+00  1.72329814e-08  3.64304058e+00 
 1.73329814e-08  5.00000000e+00  1.73329814e-08  2.46749471e+00  1.73329814e-08  3.64304078e+00 
 1.74329814e-08  5.00000000e+00  1.74329814e-08  2.46748420e+00  1.74329814e-08  3.64304098e+00 
 1.75329814e-08  5.00000000e+00  1.75329814e-08  2.46747369e+00  1.75329814e-08  3.64304118e+00 
 1.76329814e-08  5.00000000e+00  1.76329814e-08  2.46746317e+00  1.76329814e-08  3.64304138e+00 
 1.77329814e-08  5.00000000e+00  1.77329814e-08  2.46745267e+00  1.77329814e-08  3.64304158e+00 
 1.78329814e-08  5.00000000e+00  1.78329814e-08  2.46744216e+00  1.78329814e-08  3.64304177e+00 
 1.79329814e-08  5.00000000e+00  1.79329814e-08  2.46743165e+00  1.79329814e-08  3.64304197e+00 
 1.80329814e-08  5.00000000e+00  1.80329814e-08  2.46742115e+00  1.80329814e-08  3.64304217e+00 
 1.81329814e-08  5.00000000e+00  1.81329814e-08  2.46741065e+00  1.81329814e-08  3.64304237e+00 
 1.82329814e-08  5.00000000e+00  1.82329814e-08  2.46740016e+00  1.82329814e-08  3.64304257e+00 
 1.83329814e-08  5.00000000e+00  1.83329814e-08  2.46738966e+00  1.83329814e-08  3.64304277e+00 
 1.84329814e-08  5.00000000e+00  1.84329814e-08  2.46737917e+00  1.84329814e-08  3.64304296e+00 
 1.85329814e-08  5.00000000e+00  1.85329814e-08  2.46736868e+00  1.85329814e-08  3.64304316e+00 
 1.86329814e-08  5.00000000e+00  1.86329814e-08  2.46735820e+00  1.86329814e-08  3.64304336e+00 
 1.87329814e-08  5.00000000e+00  1.87329814e-08  2.46734771e+00  1.87329814e-08  3.64304356e+00 
 1.88329814e-08  5.00000000e+00  1.88329814e-08  2.46733723e+00  1.88329814e-08  3.64304376e+00 
 1.89329814e-08  5.00000000e+00  1.89329814e-08  2.46732676e+00  1.89329814e-08  3.64304395e+00 
 1.90329814e-08  5.00000000e+00  1.90329814e-08  2.46731628e+00  1.90329814e-08  3.64304415e+00 
 1.91329814e-08  5.00000000e+00  1.91329814e-08  2.46730581e+00  1.91329814e-08  3.64304435e+00 
 1.92329814e-08  5.00000000e+00  1.92329814e-08  2.46729534e+00  1.92329814e-08  3.64304455e+00 
 1.93329814e-08  5.00000000e+00  1.93329814e-08  2.46728487e+00  1.93329814e-08  3.64304474e+00 
 1.94329814e-08  5.00000000e+00  1.94329814e-08  2.46727441e+00  1.94329814e-08  3.64304494e+00 
 1.95329814e-08  5.00000000e+00  1.95329814e-08  2.46726395e+00  1.95329814e-08  3.64304514e+00 
 1.96329814e-08  5.00000000e+00  1.96329814e-08  2.46725349e+00  1.96329814e-08  3.64304534e+00 
 1.97329814e-08  5.00000000e+00  1.97329814e-08  2.46724303e+00  1.97329814e-08  3.64304553e+00 
 1.98329814e-08  5.00000000e+00  1.98329814e-08  2.46723258e+00  1.98329814e-08  3.64304573e+00 
 1.99329814e-08  5.00000000e+00  1.99329814e-08  2.46722212e+00  1.99329814e-08  3.64304593e+00 
 2.00329814e-08  5.00000000e+00  2.00329814e-08  2.46721167e+00  2.00329814e-08  3.64304612e+00 
 2.01329814e-08  5.00000000e+00  2.01329814e-08  2.46720123e+00  2.01329814e-08  3.64304632e+00 
 2.02329814e-08  5.00000000e+00  2.02329814e-08  2.46719078e+00  2.02329814e-08  3.64304652e+00 
 2.03329814e-08  5.00000000e+00  2.03329814e-08  2.46718034e+00  2.03329814e-08  3.64304672e+00 
 2.04329814e-08  5.00000000e+00  2.04329814e-08  2.46716990e+00  2.04329814e-08  3.64304691e+00 
 2.05329814e-08  5.00000000e+00  2.05329814e-08  2.46715946e+00  2.05329814e-08  3.64304711e+00 
 2.06329814e-08  5.00000000e+00  2.06329814e-08  2.46714903e+00  2.06329814e-08  3.64304731e+00 
 2.07329814e-08  5.00000000e+00  2.07329814e-08  2.46713860e+00  2.07329814e-08  3.64304751e+00 
 2.08329814e-08  5.00000000e+00  2.08329814e-08  2.46712817e+00  2.08329814e-08  3.64304770e+00 
 2.09329814e-08  5.00000000e+00  2.09329814e-08  2.46711774e+00  2.09329814e-08  3.64304790e+00 
 2.10329814e-08  5.00000000e+00  2.10329814e-08  2.46710732e+00  2.10329814e-08  3.64304810e+00 
 2.11329814e-08  5.00000000e+00  2.11329814e-08  2.46709690e+00  2.11329814e-08  3.64304829e+00 
 2.12329814e-08  5.00000000e+00  2.12329814e-08  2.46708648e+00  2.12329814e-08  3.64304849e+00 
 2.13329814e-08  5.00000000e+00  2.13329814e-08  2.46707606e+00  2.13329814e-08  3.64304869e+00 
 2.14329814e-08  5.00000000e+00  2.14329814e-08  2.46706565e+00  2.14329814e-08  3.64304889e+00 
 2.15329814e-08  5.00000000e+00  2.15329814e-08  2.46705524e+00  2.15329814e-08  3.64304908e+00 
 2.16329814e-08  5.00000000e+00  2.16329814e-08  2.46704483e+00  2.16329814e-08  3.64304928e+00 
 2.17329814e-08  5.00000000e+00  2.17329814e-08  2.46703442e+00  2.17329814e-08  3.64304948e+00 
 2.18329814e-08  5.00000000e+00  2.18329814e-08  2.46702402e+00  2.18329814e-08  3.64304967e+00 
 2.19329814e-08  5.00000000e+00  2.19329814e-08  2.46701362e+00  2.19329814e-08  3.64304987e+00 
 2.20329814e-08  5.00000000e+00  2.20329814e-08  2.46700322e+00  2.20329814e-08  3.64305007e+00 
 2.21329814e-08  5.00000000e+00  2.21329814e-08  2.46699282e+00  2.21329814e-08  3.64305026e+00 
 2.22329814e-08  5.00000000e+00  2.22329814e-08  2.46698243e+00  2.22329814e-08  3.64305046e+00 
 2.23329814e-08  5.00000000e+00  2.23329814e-08  2.46697204e+00  2.23329814e-08  3.64305066e+00 
 2.24329814e-08  5.00000000e+00  2.24329814e-08  2.46696165e+00  2.24329814e-08  3.64305085e+00 
 2.25329814e-08  5.00000000e+00  2.25329814e-08  2.46695126e+00  2.25329814e-08  3.64305105e+00 
 2.26329814e-08  5.00000000e+00  2.26329814e-08  2.46694088e+00  2.26329814e-08  3.64305125e+00 
 2.27329814e-08  5.00000000e+00  2.27329814e-08  2.46693050e+00  2.27329814e-08  3.64305144e+00 
 2.28329814e-08  5.00000000e+00  2.28329814e-08  2.46692012e+00  2.28329814e-08  3.64305164e+00 
 2.29329814e-08  5.00000000e+00  2.29329814e-08  2.46690974e+00  2.29329814e-08  3.64305184e+00 
 2.30329814e-08  5.00000000e+00  2.30329814e-08  2.46689937e+00  2.30329814e-08  3.64305203e+00 
 2.31329814e-08  5.00000000e+00  2.31329814e-08  2.46688900e+00  2.31329814e-08  3.64305223e+00 
 2.32329814e-08  5.00000000e+00  2.32329814e-08  2.46687863e+00  2.32329814e-08  3.64305243e+00 
 2.33329814e-08  5.00000000e+00  2.33329814e-08  2.46686826e+00  2.33329814e-08  3.64305262e+00 
 2.34329814e-08  5.00000000e+00  2.34329814e-08  2.46685790e+00  2.34329814e-08  3.64305282e+00 
 2.35329814e-08  5.00000000e+00  2.35329814e-08  2.46684754e+00  2.35329814e-08  3.64305302e+00 
 2.36329814e-08  5.00000000e+00  2.36329814e-08  2.46683718e+00  2.36329814e-08  3.64305321e+00 
 2.37329814e-08  5.00000000e+00  2.37329814e-08  2.46682683e+00  2.37329814e-08  3.64305341e+00 
 2.38329814e-08  5.00000000e+00  2.38329814e-08  2.46681647e+00  2.38329814e-08  3.64305361e+00 
 2.39329814e-08  5.00000000e+00  2.39329814e-08  2.46680612e+00  2.39329814e-08  3.64305380e+00 
 2.40329814e-08  5.00000000e+00  2.40329814e-08  2.46679577e+00  2.40329814e-08  3.64305400e+00 
 2.41329814e-08  5.00000000e+00  2.41329814e-08  2.46678543e+00  2.41329814e-08  3.64305420e+00 
 2.42329814e-08  5.00000000e+00  2.42329814e-08  2.46677508e+00  2.42329814e-08  3.64305439e+00 
 2.43329814e-08  5.00000000e+00  2.43329814e-08  2.46676474e+00  2.43329814e-08  3.64305459e+00 
 2.44329814e-08  5.00000000e+00  2.44329814e-08  2.46675441e+00  2.44329814e-08  3.64305478e+00 
 2.45329814e-08  5.00000000e+00  2.45329814e-08  2.46674407e+00  2.45329814e-08  3.64305498e+00 
 2.46329814e-08  5.00000000e+00  2.46329814e-08  2.46673374e+00  2.46329814e-08  3.64305518e+00 
 2.47329814e-08  5.00000000e+00  2.47329814e-08  2.46672341e+00  2.47329814e-08  3.64305537e+00 
 2.48329814e-08  5.00000000e+00  2.48329814e-08  2.46671308e+00  2.48329814e-08  3.64305557e+00 
 2.49329814e-08  5.00000000e+00  2.49329814e-08  2.46670275e+00  2.49329814e-08  3.64305577e+00 
 2.50329814e-08  5.00000000e+00  2.50329814e-08  2.46669243e+00  2.50329814e-08  3.64305596e+00 
 2.51329814e-08  5.00000000e+00  2.51329814e-08  2.46668211e+00  2.51329814e-08  3.64305616e+00 
 2.52329814e-08  5.00000000e+00  2.52329814e-08  2.46667179e+00  2.52329814e-08  3.64305635e+00 
 2.53329814e-08  5.00000000e+00  2.53329814e-08  2.46666147e+00  2.53329814e-08  3.64305655e+00 
 2.54329814e-08  5.00000000e+00  2.54329814e-08  2.46665116e+00  2.54329814e-08  3.64305675e+00 
 2.55329814e-08  5.00000000e+00  2.55329814e-08  2.46664085e+00  2.55329814e-08  3.64305694e+00 
 2.56329814e-08  5.00000000e+00  2.56329814e-08  2.46663054e+00  2.56329814e-08  3.64305714e+00 
 2.57329814e-08  5.00000000e+00  2.57329814e-08  2.46662024e+00  2.57329814e-08  3.64305733e+00 
 2.58329814e-08  5.00000000e+00  2.58329814e-08  2.46660993e+00  2.58329814e-08  3.64305753e+00 
 2.59329814e-08  5.00000000e+00  2.59329814e-08  2.46659963e+00  2.59329814e-08  3.64305772e+00 
 2.60329814e-08  5.00000000e+00  2.60329814e-08  2.46658933e+00  2.60329814e-08  3.64305792e+00 
 2.61329814e-08  5.00000000e+00  2.61329814e-08  2.46657904e+00  2.61329814e-08  3.64305812e+00 
 2.62329814e-08  5.00000000e+00  2.62329814e-08  2.46656875e+00  2.62329814e-08  3.64305831e+00 
 2.63329814e-08  5.00000000e+00  2.63329814e-08  2.46655845e+00  2.63329814e-08  3.64305851e+00 
 2.64329814e-08  5.00000000e+00  2.64329814e-08  2.46654817e+00  2.64329814e-08  3.64305870e+00 
 2.65329814e-08  5.00000000e+00  2.65329814e-08  2.46653788e+00  2.65329814e-08  3.64305890e+00 
 2.66329814e-08  5.00000000e+00  2.66329814e-08  2.46652760e+00  2.66329814e-08  3.64305909e+00 
 2.67329814e-08  5.00000000e+00  2.67329814e-08  2.46651732e+00  2.67329814e-08  3.64305929e+00 
 2.68329814e-08  5.00000000e+00  2.68329814e-08  2.46650704e+00  2.68329814e-08  3.64305949e+00 
 2.69329814e-08  5.00000000e+00  2.69329814e-08  2.46649676e+00  2.69329814e-08  3.64305968e+00 
 2.70329814e-08  5.00000000e+00  2.70329814e-08  2.46648649e+00  2.70329814e-08  3.64305988e+00 
 2.71329814e-08  5.00000000e+00  2.71329814e-08  2.46647622e+00  2.71329814e-08  3.64306007e+00 
 2.72329814e-08  5.00000000e+00  2.72329814e-08  2.46646595e+00  2.72329814e-08  3.64306027e+00 
 2.73329814e-08  5.00000000e+00  2.73329814e-08  2.46645568e+00  2.73329814e-08  3.64306046e+00 
 2.74329814e-08  5.00000000e+00  2.74329814e-08  2.46644542e+00  2.74329814e-08  3.64306066e+00 
 2.75329814e-08  5.00000000e+00  2.75329814e-08  2.46643516e+00  2.75329814e-08  3.64306085e+00 
 2.76329814e-08  5.00000000e+00  2.76329814e-08  2.46642490e+00  2.76329814e-08  3.64306105e+00 
 2.77329814e-08  5.00000000e+00  2.77329814e-08  2.46641465e+00  2.77329814e-08  3.64306125e+00 
 2.78329814e-08  5.00000000e+00  2.78329814e-08  2.46640439e+00  2.78329814e-08  3.64306144e+00 
 2.79329814e-08  5.00000000e+00  2.79329814e-08  2.46639414e+00  2.79329814e-08  3.64306164e+00 
 2.80329814e-08  5.00000000e+00  2.80329814e-08  2.46638389e+00  2.80329814e-08  3.64306183e+00 
 2.81329814e-08  5.00000000e+00  2.81329814e-08  2.46637365e+00  2.81329814e-08  3.64306203e+00 
 2.82329814e-08  5.00000000e+00  2.82329814e-08  2.46636340e+00  2.82329814e-08  3.64306222e+00 
 2.83329814e-08  5.00000000e+00  2.83329814e-08  2.46635316e+00  2.83329814e-08  3.64306242e+00 
 2.84329814e-08  5.00000000e+00  2.84329814e-08  2.46634292e+00  2.84329814e-08  3.64306261e+00 
 2.85329814e-08  5.00000000e+00  2.85329814e-08  2.46633269e+00  2.85329814e-08  3.64306281e+00 
 2.86329814e-08  5.00000000e+00  2.86329814e-08  2.46632245e+00  2.86329814e-08  3.64306300e+00 
 2.87329814e-08  5.00000000e+00  2.87329814e-08  2.46631222e+00  2.87329814e-08  3.64306320e+00 
 2.88329814e-08  5.00000000e+00  2.88329814e-08  2.46630199e+00  2.88329814e-08  3.64306339e+00 
 2.89329814e-08  5.00000000e+00  2.89329814e-08  2.46629177e+00  2.89329814e-08  3.64306359e+00 
 2.90329814e-08  5.00000000e+00  2.90329814e-08  2.46628154e+00  2.90329814e-08  3.64306378e+00 
 2.91329814e-08  5.00000000e+00  2.91329814e-08  2.46627132e+00  2.91329814e-08  3.64306398e+00 
 2.92329814e-08  5.00000000e+00  2.92329814e-08  2.46626110e+00  2.92329814e-08  3.64306417e+00 
 2.93329814e-08  5.00000000e+00  2.93329814e-08  2.46625089e+00  2.93329814e-08  3.64306437e+00 
 2.94329814e-08  5.00000000e+00  2.94329814e-08  2.46624067e+00  2.94329814e-08  3.64306456e+00 
 2.95329814e-08  5.00000000e+00  2.95329814e-08  2.46623046e+00  2.95329814e-08  3.64306476e+00 
 2.96329814e-08  5.00000000e+00  2.96329814e-08  2.46622025e+00  2.96329814e-08  3.64306495e+00 
 2.97329814e-08  5.00000000e+00  2.97329814e-08  2.46621005e+00  2.97329814e-08  3.64306515e+00 
 2.98329814e-08  5.00000000e+00  2.98329814e-08  2.46619984e+00  2.98329814e-08  3.64306534e+00 
 2.99329814e-08  5.00000000e+00  2.99329814e-08  2.46618964e+00  2.99329814e-08  3.64306554e+00 
 3.00329814e-08  5.00000000e+00  3.00329814e-08  2.46617944e+00  3.00329814e-08  3.64306573e+00 
 3.01329814e-08  5.00000000e+00  3.01329814e-08  2.46616925e+00  3.01329814e-08  3.64306593e+00 
 3.02329814e-08  5.00000000e+00  3.02329814e-08  2.46615905e+00  3.02329814e-08  3.64306612e+00 
 3.03329814e-08  5.00000000e+00  3.03329814e-08  2.46614886e+00  3.03329814e-08  3.64306632e+00 
 3.04329814e-08  5.00000000e+00  3.04329814e-08  2.46613867e+00  3.04329814e-08  3.64306651e+00 
 3.05329814e-08  5.00000000e+00  3.05329814e-08  2.46612848e+00  3.05329814e-08  3.64306671e+00 
 3.06329814e-08  5.00000000e+00  3.06329814e-08  2.46611830e+00  3.06329814e-08  3.64306690e+00 
 3.07329814e-08  5.00000000e+00  3.07329814e-08  2.46610812e+00  3.07329814e-08  3.64306709e+00 
 3.08329814e-08  5.00000000e+00  3.08329814e-08  2.46609794e+00  3.08329814e-08  3.64306729e+00 
 3.09329814e-08  5.00000000e+00  3.09329814e-08  2.46608776e+00  3.09329814e-08  3.64306748e+00 
 3.10329814e-08  5.00000000e+00  3.10329814e-08  2.46607759e+00  3.10329814e-08  3.64306768e+00 
 3.11329814e-08  5.00000000e+00  3.11329814e-08  2.46606741e+00  3.11329814e-08  3.64306787e+00 
 3.12329814e-08  5.00000000e+00  3.12329814e-08  2.46605724e+00  3.12329814e-08  3.64306807e+00 
 3.13329814e-08  5.00000000e+00  3.13329814e-08  2.46604708e+00  3.13329814e-08  3.64306826e+00 
 3.14329814e-08  5.00000000e+00  3.14329814e-08  2.46603691e+00  3.14329814e-08  3.64306846e+00 
 3.15329814e-08  5.00000000e+00  3.15329814e-08  2.46602675e+00  3.15329814e-08  3.64306865e+00 
 3.16329814e-08  5.00000000e+00  3.16329814e-08  2.46601659e+00  3.16329814e-08  3.64306885e+00 
 3.17329814e-08  5.00000000e+00  3.17329814e-08  2.46600643e+00  3.17329814e-08  3.64306904e+00 
 3.18329814e-08  5.00000000e+00  3.18329814e-08  2.46599628e+00  3.18329814e-08  3.64306923e+00 
 3.19329814e-08  5.00000000e+00  3.19329814e-08  2.46598613e+00  3.19329814e-08  3.64306943e+00 
 3.20329814e-08  5.00000000e+00  3.20329814e-08  2.46597598e+00  3.20329814e-08  3.64306962e+00 
 3.21329814e-08  5.00000000e+00  3.21329814e-08  2.46596583e+00  3.21329814e-08  3.64306982e+00 
 3.22329814e-08  5.00000000e+00  3.22329814e-08  2.46595568e+00  3.22329814e-08  3.64307001e+00 
 3.23329814e-08  5.00000000e+00  3.23329814e-08  2.46594554e+00  3.23329814e-08  3.64307020e+00 
 3.24329814e-08  5.00000000e+00  3.24329814e-08  2.46593540e+00  3.24329814e-08  3.64307040e+00 
 3.25329814e-08  5.00000000e+00  3.25329814e-08  2.46592526e+00  3.25329814e-08  3.64307059e+00 
 3.26329814e-08  5.00000000e+00  3.26329814e-08  2.46591513e+00  3.26329814e-08  3.64307079e+00 
 3.27329814e-08  5.00000000e+00  3.27329814e-08  2.46590499e+00  3.27329814e-08  3.64307098e+00 
 3.28329814e-08  5.00000000e+00  3.28329814e-08  2.46589486e+00  3.28329814e-08  3.64307118e+00 
 3.29329814e-08  5.00000000e+00  3.29329814e-08  2.46588473e+00  3.29329814e-08  3.64307137e+00 
 3.30329814e-08  5.00000000e+00  3.30329814e-08  2.46587461e+00  3.30329814e-08  3.64307156e+00 
 3.31329814e-08  5.00000000e+00  3.31329814e-08  2.46586449e+00  3.31329814e-08  3.64307176e+00 
 3.32329814e-08  5.00000000e+00  3.32329814e-08  2.46585436e+00  3.32329814e-08  3.64307195e+00 
 3.33329814e-08  5.00000000e+00  3.33329814e-08  2.46584425e+00  3.33329814e-08  3.64307215e+00 
 3.34329814e-08  5.00000000e+00  3.34329814e-08  2.46583413e+00  3.34329814e-08  3.64307234e+00 
 3.35329814e-08  5.00000000e+00  3.35329814e-08  2.46582402e+00  3.35329814e-08  3.64307253e+00 
 3.36329814e-08  5.00000000e+00  3.36329814e-08  2.46581391e+00  3.36329814e-08  3.64307273e+00 
 3.37329814e-08  5.00000000e+00  3.37329814e-08  2.46580380e+00  3.37329814e-08  3.64307292e+00 
 3.38329814e-08  5.00000000e+00  3.38329814e-08  2.46579369e+00  3.38329814e-08  3.64307311e+00 
 3.39329814e-08  5.00000000e+00  3.39329814e-08  2.46578359e+00  3.39329814e-08  3.64307331e+00 
 3.40329814e-08  5.00000000e+00  3.40329814e-08  2.46577348e+00  3.40329814e-08  3.64307350e+00 
 3.41329814e-08  5.00000000e+00  3.41329814e-08  2.46576339e+00  3.41329814e-08  3.64307370e+00 
 3.42329814e-08  5.00000000e+00  3.42329814e-08  2.46575329e+00  3.42329814e-08  3.64307389e+00 
 3.43329814e-08  5.00000000e+00  3.43329814e-08  2.46574320e+00  3.43329814e-08  3.64307408e+00 
 3.44329814e-08  5.00000000e+00  3.44329814e-08  2.46573310e+00  3.44329814e-08  3.64307428e+00 
 3.45329814e-08  5.00000000e+00  3.45329814e-08  2.46572301e+00  3.45329814e-08  3.64307447e+00 
 3.46329814e-08  5.00000000e+00  3.46329814e-08  2.46571293e+00  3.46329814e-08  3.64307466e+00 
 3.47329814e-08  5.00000000e+00  3.47329814e-08  2.46570284e+00  3.47329814e-08  3.64307486e+00 
 3.48329814e-08  5.00000000e+00  3.48329814e-08  2.46569276e+00  3.48329814e-08  3.64307505e+00 
 3.49329814e-08  5.00000000e+00  3.49329814e-08  2.46568268e+00  3.49329814e-08  3.64307524e+00 
 3.50329814e-08  5.00000000e+00  3.50329814e-08  2.46567260e+00  3.50329814e-08  3.64307544e+00 
 3.51329814e-08  5.00000000e+00  3.51329814e-08  2.46566253e+00  3.51329814e-08  3.64307563e+00 
 3.52329814e-08  5.00000000e+00  3.52329814e-08  2.46565246e+00  3.52329814e-08  3.64307583e+00 
 3.53329814e-08  5.00000000e+00  3.53329814e-08  2.46564239e+00  3.53329814e-08  3.64307602e+00 
 3.54329814e-08  5.00000000e+00  3.54329814e-08  2.46563232e+00  3.54329814e-08  3.64307621e+00 
 3.55329814e-08  5.00000000e+00  3.55329814e-08  2.46562225e+00  3.55329814e-08  3.64307641e+00 
 3.56329814e-08  5.00000000e+00  3.56329814e-08  2.46561219e+00  3.56329814e-08  3.64307660e+00 
 3.57329814e-08  5.00000000e+00  3.57329814e-08  2.46560213e+00  3.57329814e-08  3.64307679e+00 
 3.58329814e-08  5.00000000e+00  3.58329814e-08  2.46559207e+00  3.58329814e-08  3.64307699e+00 
 3.59329814e-08  5.00000000e+00  3.59329814e-08  2.46558202e+00  3.59329814e-08  3.64307718e+00 
 3.60329814e-08  5.00000000e+00  3.60329814e-08  2.46557196e+00  3.60329814e-08  3.64307737e+00 
 3.61329814e-08  5.00000000e+00  3.61329814e-08  2.46556191e+00  3.61329814e-08  3.64307757e+00 
 3.62329814e-08  5.00000000e+00  3.62329814e-08  2.46555186e+00  3.62329814e-08  3.64307776e+00 
 3.63329814e-08  5.00000000e+00  3.63329814e-08  2.46554182e+00  3.63329814e-08  3.64307795e+00 
 3.64329814e-08  5.00000000e+00  3.64329814e-08  2.46553178e+00  3.64329814e-08  3.64307814e+00 
 3.65329814e-08  5.00000000e+00  3.65329814e-08  2.46552173e+00  3.65329814e-08  3.64307834e+00 
 3.66329814e-08  5.00000000e+00  3.66329814e-08  2.46551170e+00  3.66329814e-08  3.64307853e+00 
 3.67329814e-08  5.00000000e+00  3.67329814e-08  2.46550166e+00  3.67329814e-08  3.64307872e+00 
 3.68329814e-08  5.00000000e+00  3.68329814e-08  2.46549163e+00  3.68329814e-08  3.64307892e+00 
 3.69329814e-08  5.00000000e+00  3.69329814e-08  2.46548159e+00  3.69329814e-08  3.64307911e+00 
 3.70329814e-08  5.00000000e+00  3.70329814e-08  2.46547156e+00  3.70329814e-08  3.64307930e+00 
 3.71329814e-08  5.00000000e+00  3.71329814e-08  2.46546154e+00  3.71329814e-08  3.64307950e+00 
 3.72329814e-08  5.00000000e+00  3.72329814e-08  2.46545151e+00  3.72329814e-08  3.64307969e+00 
 3.73329814e-08  5.00000000e+00  3.73329814e-08  2.46544149e+00  3.73329814e-08  3.64307988e+00 
 3.74329814e-08  5.00000000e+00  3.74329814e-08  2.46543147e+00  3.74329814e-08  3.64308007e+00 
 3.75329814e-08  5.00000000e+00  3.75329814e-08  2.46542146e+00  3.75329814e-08  3.64308027e+00 
 3.76329814e-08  5.00000000e+00  3.76329814e-08  2.46541144e+00  3.76329814e-08  3.64308046e+00 
 3.77329814e-08  5.00000000e+00  3.77329814e-08  2.46540143e+00  3.77329814e-08  3.64308065e+00 
 3.78329814e-08  5.00000000e+00  3.78329814e-08  2.46539142e+00  3.78329814e-08  3.64308085e+00 
 3.79329814e-08  5.00000000e+00  3.79329814e-08  2.46538141e+00  3.79329814e-08  3.64308104e+00 
 3.80329814e-08  5.00000000e+00  3.80329814e-08  2.46537141e+00  3.80329814e-08  3.64308123e+00 
 3.81329814e-08  5.00000000e+00  3.81329814e-08  2.46536140e+00  3.81329814e-08  3.64308142e+00 
 3.82329814e-08  5.00000000e+00  3.82329814e-08  2.46535140e+00  3.82329814e-08  3.64308162e+00 
 3.83329814e-08  5.00000000e+00  3.83329814e-08  2.46534140e+00  3.83329814e-08  3.64308181e+00 
 3.84329814e-08  5.00000000e+00  3.84329814e-08  2.46533141e+00  3.84329814e-08  3.64308200e+00 
 3.85329814e-08  5.00000000e+00  3.85329814e-08  2.46532142e+00  3.85329814e-08  3.64308219e+00 
 3.86329814e-08  5.00000000e+00  3.86329814e-08  2.46531142e+00  3.86329814e-08  3.64308239e+00 
 3.87329814e-08  5.00000000e+00  3.87329814e-08  2.46530144e+00  3.87329814e-08  3.64308258e+00 
 3.88329814e-08  5.00000000e+00  3.88329814e-08  2.46529145e+00  3.88329814e-08  3.64308277e+00 
 3.89329814e-08  5.00000000e+00  3.89329814e-08  2.46528147e+00  3.89329814e-08  3.64308296e+00 
 3.90329814e-08  5.00000000e+00  3.90329814e-08  2.46527149e+00  3.90329814e-08  3.64308316e+00 
 3.91329814e-08  5.00000000e+00  3.91329814e-08  2.46526151e+00  3.91329814e-08  3.64308335e+00 
 3.92329814e-08  5.00000000e+00  3.92329814e-08  2.46525153e+00  3.92329814e-08  3.64308354e+00 
 3.93329814e-08  5.00000000e+00  3.93329814e-08  2.46524156e+00  3.93329814e-08  3.64308373e+00 
 3.94329814e-08  5.00000000e+00  3.94329814e-08  2.46523158e+00  3.94329814e-08  3.64308393e+00 
 3.95329814e-08  5.00000000e+00  3.95329814e-08  2.46522161e+00  3.95329814e-08  3.64308412e+00 
 3.96329814e-08  5.00000000e+00  3.96329814e-08  2.46521165e+00  3.96329814e-08  3.64308431e+00 
 3.97329814e-08  5.00000000e+00  3.97329814e-08  2.46520168e+00  3.97329814e-08  3.64308450e+00 
 3.98329814e-08  5.00000000e+00  3.98329814e-08  2.46519172e+00  3.98329814e-08  3.64308470e+00 
 3.99329814e-08  5.00000000e+00  3.99329814e-08  2.46518176e+00  3.99329814e-08  3.64308489e+00 
 4.00000000e-08  5.00000000e+00  4.00000000e-08  2.46517509e+00  4.00000000e-08  3.64308502e+00 
