 time            vdd             time            vreg            time            gp             
 1.00000000e-12  0.00000000e+00  1.00000000e-12  2.44359856e-05  1.00000000e-12  2.48295762e-06 
 2.00000000e-12  0.00000000e+00  2.00000000e-12  4.88945029e-05  2.00000000e-12  4.96821786e-06 
 4.00000000e-12  0.00000000e+00  4.00000000e-12  9.78786093e-05  4.00000000e-12  9.94559071e-06 
 8.00000000e-12  0.00000000e+00  8.00000000e-12  1.96112839e-04  8.00000000e-12  1.99275160e-05 
 1.60000000e-11  0.00000000e+00  1.60000000e-11  3.93627083e-04  1.60000000e-11  3.99982344e-05 
 3.20000000e-11  0.00000000e+00  3.20000000e-11  7.92691800e-04  3.20000000e-11  8.05522702e-05 
 6.40000000e-11  0.00000000e+00  6.40000000e-11  1.60580665e-03  6.40000000e-11  1.63193331e-04 
 1.00000000e-10  0.00000000e+00  1.00000000e-10  2.54183962e-03  1.00000000e-10  2.58343980e-04 
 1.06400000e-10  0.00000000e+00  1.06400000e-10  2.71037257e-03  1.06400000e-10  2.75477782e-04 
 1.19200000e-10  0.00000000e+00  1.19200000e-10  3.04922503e-03  1.19200000e-10  3.09928771e-04 
 1.44800000e-10  0.00000000e+00  1.44800000e-10  3.73365891e-03  1.44800000e-10  3.79522024e-04 
 1.96000000e-10  0.00000000e+00  1.96000000e-10  5.12574403e-03  1.96000000e-10  5.21098667e-04 
 2.96000000e-10  0.00000000e+00  2.96000000e-10  7.76247347e-03  2.96000000e-10  7.89364488e-04 
 3.96000000e-10  0.00000000e+00  3.96000000e-10  9.74741585e-03  3.96000000e-10  9.91408377e-04 
 4.96000000e-10  0.00000000e+00  4.96000000e-10  9.16231310e-03  4.96000000e-10  9.31843201e-04 
 5.96000000e-10  0.00000000e+00  5.96000000e-10  4.96390511e-03  5.96000000e-10  5.04636669e-04 
 6.96000000e-10  0.00000000e+00  6.96000000e-10  2.07810968e-03  6.96000000e-10  2.11201374e-04 
 7.96000000e-10  0.00000000e+00  7.96000000e-10  1.12019203e-03  7.96000000e-10  1.13835386e-04 
 8.96000000e-10  0.00000000e+00  8.96000000e-10  5.99397746e-04  8.96000000e-10  6.09079998e-05 
 9.96000000e-10  0.00000000e+00  9.96000000e-10  4.04312027e-04  9.96000000e-10  4.10832281e-05 
 1.09600000e-09  4.80000000e+00  1.09600000e-09  1.28153904e+00  1.09600000e-09  4.36759759e+00 
 1.10000000e-09  5.00000000e+00  1.10000000e-09  1.32313493e+00  1.10000000e-09  4.55008300e+00 
 1.10509302e-09  5.00000000e+00  1.10509302e-09  1.31884201e+00  1.10509302e-09  4.54894619e+00 
 1.11527905e-09  5.00000000e+00  1.11527905e-09  1.31131645e+00  1.11527905e-09  4.54608010e+00 
 1.13385384e-09  5.00000000e+00  1.13385384e-09  1.30317171e+00  1.13385384e-09  4.53749514e+00 
 1.17100343e-09  5.00000000e+00  1.17100343e-09  1.30321163e+00  1.17100343e-09  4.51133929e+00 
 1.24530260e-09  5.00000000e+00  1.24530260e-09  1.33693317e+00  1.24530260e-09  4.44576536e+00 
 1.34530260e-09  5.00000000e+00  1.34530260e-09  1.40743258e+00  1.34530260e-09  4.34910527e+00 
 1.44530260e-09  5.00000000e+00  1.44530260e-09  1.48402931e+00  1.44530260e-09  4.24660000e+00 
 1.54530260e-09  5.00000000e+00  1.54530260e-09  1.55027430e+00  1.54530260e-09  4.14361525e+00 
 1.64530260e-09  5.00000000e+00  1.64530260e-09  1.61465890e+00  1.64530260e-09  4.04648759e+00 
 1.74530260e-09  5.00000000e+00  1.74530260e-09  1.69582568e+00  1.74530260e-09  3.95060250e+00 
 1.84530260e-09  5.00000000e+00  1.84530260e-09  1.80995040e+00  1.84530260e-09  3.85386498e+00 
 1.94530260e-09  5.00000000e+00  1.94530260e-09  1.96223530e+00  1.94530260e-09  3.75514439e+00 
 2.04530260e-09  5.00000000e+00  2.04530260e-09  2.13993579e+00  2.04530260e-09  3.65328864e+00 
 2.14530260e-09  5.00000000e+00  2.14530260e-09  2.31478009e+00  2.14530260e-09  3.54822578e+00 
 2.24530260e-09  5.00000000e+00  2.24530260e-09  2.47000533e+00  2.24530260e-09  3.44271834e+00 
 2.34530260e-09  5.00000000e+00  2.34530260e-09  2.60870552e+00  2.34530260e-09  3.34312300e+00 
 2.44530260e-09  5.00000000e+00  2.44530260e-09  2.73697253e+00  2.44530260e-09  3.26171597e+00 
 2.54530260e-09  5.00000000e+00  2.54530260e-09  2.85198469e+00  2.54530260e-09  3.21511755e+00 
 2.64530260e-09  5.00000000e+00  2.64530260e-09  2.93828467e+00  2.64530260e-09  3.21586209e+00 
 2.74530260e-09  5.00000000e+00  2.74530260e-09  2.98122511e+00  2.74530260e-09  3.26557713e+00 
 2.84530260e-09  5.00000000e+00  2.84530260e-09  2.97493286e+00  2.84530260e-09  3.35441994e+00 
 2.94530260e-09  5.00000000e+00  2.94530260e-09  2.92396644e+00  2.94530260e-09  3.46600087e+00 
 3.04530260e-09  5.00000000e+00  3.04530260e-09  2.84033885e+00  3.04530260e-09  3.58300635e+00 
 3.14530260e-09  5.00000000e+00  3.14530260e-09  2.73883197e+00  3.14530260e-09  3.69126208e+00 
 3.24530260e-09  5.00000000e+00  3.24530260e-09  2.63324126e+00  3.24530260e-09  3.78168156e+00 
 3.34530260e-09  5.00000000e+00  3.34530260e-09  2.53034116e+00  3.34530260e-09  3.84996040e+00 
 3.44530260e-09  5.00000000e+00  3.44530260e-09  2.43675678e+00  3.44530260e-09  3.89574290e+00 
 3.54530260e-09  5.00000000e+00  3.54530260e-09  2.35551000e+00  3.54530260e-09  3.92067134e+00 
 3.64530260e-09  5.00000000e+00  3.64530260e-09  2.28786622e+00  3.64530260e-09  3.92742009e+00 
 3.74530260e-09  5.00000000e+00  3.74530260e-09  2.23450695e+00  3.74530260e-09  3.91893642e+00 
 3.84530260e-09  5.00000000e+00  3.84530260e-09  2.19615405e+00  3.84530260e-09  3.89807351e+00 
 3.94530260e-09  5.00000000e+00  3.94530260e-09  2.17348525e+00  3.94530260e-09  3.86738540e+00 
 4.04530260e-09  5.00000000e+00  4.04530260e-09  2.16678295e+00  4.04530260e-09  3.82907294e+00 
 4.14530260e-09  5.00000000e+00  4.14530260e-09  2.17577502e+00  4.14530260e-09  3.78511222e+00 
 4.24530260e-09  5.00000000e+00  4.24530260e-09  2.20020238e+00  4.24530260e-09  3.73737115e+00 
 4.34530260e-09  5.00000000e+00  4.34530260e-09  2.23851550e+00  4.34530260e-09  3.68771838e+00 
 4.44530260e-09  5.00000000e+00  4.44530260e-09  2.28801073e+00  4.44530260e-09  3.63824854e+00 
 4.54530260e-09  5.00000000e+00  4.54530260e-09  2.34670044e+00  4.54530260e-09  3.59150491e+00 
 4.64530260e-09  5.00000000e+00  4.64530260e-09  2.41068239e+00  4.64530260e-09  3.55036044e+00 
 4.74530260e-09  5.00000000e+00  4.74530260e-09  2.47473600e+00  4.74530260e-09  3.51795044e+00 
 4.84530260e-09  5.00000000e+00  4.84530260e-09  2.53344424e+00  4.84530260e-09  3.49718001e+00 
 4.94530260e-09  5.00000000e+00  4.94530260e-09  2.58202889e+00  4.94530260e-09  3.49002191e+00 
 5.04530260e-09  5.00000000e+00  5.04530260e-09  2.61679692e+00  5.04530260e-09  3.49693592e+00 
 5.14530260e-09  5.00000000e+00  5.14530260e-09  2.63559688e+00  5.14530260e-09  3.51667411e+00 
 5.24530260e-09  5.00000000e+00  5.24530260e-09  2.63812634e+00  5.24530260e-09  3.54649144e+00 
 5.34530260e-09  5.00000000e+00  5.34530260e-09  2.62582943e+00  5.34530260e-09  3.58266849e+00 
 5.44530260e-09  5.00000000e+00  5.44530260e-09  2.60146775e+00  5.44530260e-09  3.62119993e+00 
 5.54530260e-09  5.00000000e+00  5.54530260e-09  2.56856628e+00  5.54530260e-09  3.65840783e+00 
 5.64530260e-09  5.00000000e+00  5.64530260e-09  2.53081700e+00  5.64530260e-09  3.69135278e+00 
 5.74530260e-09  5.00000000e+00  5.74530260e-09  2.49162162e+00  5.74530260e-09  3.71801085e+00 
 5.84530260e-09  5.00000000e+00  5.84530260e-09  2.45399224e+00  5.84530260e-09  3.73727022e+00 
 5.94530260e-09  5.00000000e+00  5.94530260e-09  2.42005184e+00  5.94530260e-09  3.74877285e+00 
 6.04530260e-09  5.00000000e+00  6.04530260e-09  2.39139667e+00  6.04530260e-09  3.75276379e+00 
 6.14530260e-09  5.00000000e+00  6.14530260e-09  2.36936122e+00  6.14530260e-09  3.74991312e+00 
 6.24530260e-09  5.00000000e+00  6.24530260e-09  2.35482970e+00  6.24530260e-09  3.74114887e+00 
 6.34530260e-09  5.00000000e+00  6.34530260e-09  2.34802517e+00  6.34530260e-09  3.72755229e+00 
 6.44530260e-09  5.00000000e+00  6.44530260e-09  2.34859760e+00  6.44530260e-09  3.71031007e+00 
 6.54530260e-09  5.00000000e+00  6.54530260e-09  2.35612613e+00  6.54530260e-09  3.69069147e+00 
 6.64530260e-09  5.00000000e+00  6.64530260e-09  2.36979778e+00  6.64530260e-09  3.66998977e+00 
 6.74530260e-09  5.00000000e+00  6.74530260e-09  2.38842604e+00  6.74530260e-09  3.64951362e+00 
 6.84530260e-09  5.00000000e+00  6.84530260e-09  2.41052187e+00  6.84530260e-09  3.63054550e+00 
 6.94530260e-09  5.00000000e+00  6.94530260e-09  2.43436942e+00  6.94530260e-09  3.61427935e+00 
 7.04530260e-09  5.00000000e+00  7.04530260e-09  2.45814696e+00  7.04530260e-09  3.60173863e+00 
 7.14530260e-09  5.00000000e+00  7.14530260e-09  2.48008702e+00  7.14530260e-09  3.59367894e+00 
 7.24530260e-09  5.00000000e+00  7.24530260e-09  2.49863104e+00  7.24530260e-09  3.59049732e+00 
 7.34530260e-09  5.00000000e+00  7.34530260e-09  2.51257532e+00  7.34530260e-09  3.59217443e+00 
 7.44530260e-09  5.00000000e+00  7.44530260e-09  2.52117462e+00  7.44530260e-09  3.59827046e+00 
 7.54530260e-09  5.00000000e+00  7.54530260e-09  2.52418918e+00  7.54530260e-09  3.60798037e+00 
 7.64530260e-09  5.00000000e+00  7.64530260e-09  2.52187002e+00  7.64530260e-09  3.62023798e+00 
 7.74530260e-09  5.00000000e+00  7.74530260e-09  2.51488688e+00  7.74530260e-09  3.63384756e+00 
 7.84530260e-09  5.00000000e+00  7.84530260e-09  2.50421715e+00  7.84530260e-09  3.64761799e+00 
 7.94530260e-09  5.00000000e+00  7.94530260e-09  2.49101822e+00  7.94530260e-09  3.66047733e+00 
 8.04530260e-09  5.00000000e+00  8.04530260e-09  2.47650288e+00  8.04530260e-09  3.67155405e+00 
 8.14530260e-09  5.00000000e+00  8.14530260e-09  2.46183251e+00  8.14530260e-09  3.68022117e+00 
 8.24530260e-09  5.00000000e+00  8.24530260e-09  2.44804563e+00  8.24530260e-09  3.68610736e+00 
 8.34530260e-09  5.00000000e+00  8.34530260e-09  2.43600334e+00  8.34530260e-09  3.68908225e+00 
 8.44530260e-09  5.00000000e+00  8.44530260e-09  2.42636230e+00  8.44530260e-09  3.68922687e+00 
 8.54530260e-09  5.00000000e+00  8.54530260e-09  2.41956109e+00  8.54530260e-09  3.68679624e+00 
 8.64530260e-09  5.00000000e+00  8.64530260e-09  2.41582016e+00  8.64530260e-09  3.68218053e+00 
 8.74530260e-09  5.00000000e+00  8.74530260e-09  2.41514952e+00  8.74530260e-09  3.67586753e+00 
 8.84530260e-09  5.00000000e+00  8.84530260e-09  2.41736414e+00  8.84530260e-09  3.66840770e+00 
 8.94530260e-09  5.00000000e+00  8.94530260e-09  2.42210583e+00  8.94530260e-09  3.66038113e+00 
 9.04530260e-09  5.00000000e+00  9.04530260e-09  2.42887252e+00  9.04530260e-09  3.65236556e+00 
 9.14530260e-09  5.00000000e+00  9.14530260e-09  2.43705554e+00  9.14530260e-09  3.64490470e+00 
 9.24530260e-09  5.00000000e+00  9.24530260e-09  2.44598150e+00  9.24530260e-09  3.63847683e+00 
 9.34530260e-09  5.00000000e+00  9.34530260e-09  2.45496014e+00  9.34530260e-09  3.63346541e+00 
 9.44530260e-09  5.00000000e+00  9.44530260e-09  2.46333890e+00  9.44530260e-09  3.63013442e+00 
 9.54530260e-09  5.00000000e+00  9.54530260e-09  2.47054980e+00  9.54530260e-09  3.62861114e+00 
 9.64530260e-09  5.00000000e+00  9.64530260e-09  2.47615048e+00  9.64530260e-09  3.62888032e+00 
 9.74530260e-09  5.00000000e+00  9.74530260e-09  2.47985222e+00  9.74530260e-09  3.63079103e+00 
 9.84530260e-09  5.00000000e+00  9.84530260e-09  2.48153306e+00  9.84530260e-09  3.63407605e+00 
 9.94530260e-09  5.00000000e+00  9.94530260e-09  2.48123488e+00  9.94530260e-09  3.63838170e+00 
 1.00000000e-08  5.00000000e+00  1.00000000e-08  2.48028663e+00  1.00000000e-08  3.64103798e+00 
