# Open-loop AC Monte Carlo simulation mismatch-only output common-voltage
# N B M BN BM NN NV MV
-0.0015854 -0.00158547 -0.00158549 -0.00158551 -0.00158552 -0.00158556 -0.00158556 -0.00158557
-0.00387075 -0.00387177 -0.00387227 -0.00387277 -0.00387326 -0.00387666 -0.00387666 -0.00387714
-0.00407802 -0.00407964 -0.00408044 -0.00408123 -0.00408202 -0.00408752 -0.00408752 -0.0040883
-0.00145755 -0.00145762 -0.00145764 -0.00145766 -0.00145767 -0.00145772 -0.00145772 -0.00145772
-0.00297625 -0.00297639 -0.00297644 -0.00297649 -0.00297653 -0.0029768 -0.0029768 -0.00297684
-0.0025399 -0.00254 -0.00254003 -0.00254005 -0.00254008 -0.00254018 -0.00254018 -0.00254019
-0.0101742 -0.010673 -0.0109091 -0.0111367 -0.0113564 -0.0127042 -0.0127042 -0.0128738
-0.00316401 -0.00316424 -0.00316434 -0.00316443 -0.00316452 -0.00316508 -0.00316508 -0.00316516
-0.00186734 -0.00186741 -0.00186744 -0.00186746 -0.00186747 -0.00186752 -0.00186752 -0.00186753
-0.00346706 -0.00346739 -0.00346754 -0.00346769 -0.00346783 -0.00346879 -0.00346879 -0.00346893
-0.00179462 -0.0017947 -0.00179473 -0.00179475 -0.00179476 -0.00179481 -0.00179481 -0.00179482
-0.00206972 -0.00206979 -0.00206982 -0.00206983 -0.00206985 -0.0020699 -0.0020699 -0.0020699
-0.00379911 -0.0038 -0.00380044 -0.00380087 -0.0038013 -0.00380424 -0.00380424 -0.00380466
-0.0005165 -0.000516527 -0.000516534 -0.00051654 -0.000516544 -0.000516558 -0.000516558 -0.000516558
-0.007502 -0.0076422 -0.00771207 -0.00778176 -0.00785123 -0.00832967 -0.00832967 -0.00839669
-0.00338102 -0.00338132 -0.00338145 -0.00338157 -0.00338169 -0.00338245 -0.00338245 -0.00338256
-0.00461202 -0.00461922 -0.00462281 -0.0046264 -0.00462998 -0.00465499 -0.00465499 -0.00465855
-0.00221942 -0.00221951 -0.00221954 -0.00221956 -0.00221958 -0.00221965 -0.00221965 -0.00221965
-0.00289514 -0.00289529 -0.00289534 -0.0028954 -0.00289544 -0.00289571 -0.00289571 -0.00289575
-0.00447535 -0.00447784 -0.00447908 -0.00448031 -0.00448154 -0.00449013 -0.00449013 -0.00449135
-0.00779027 -0.00797505 -0.00806654 -0.00815738 -0.00824751 -0.00885658 -0.00885658 -0.00894027
-0.00758992 -0.00772972 -0.00779952 -0.0078692 -0.00793874 -0.00841975 -0.00841975 -0.00848741
-0.00391825 -0.00391904 -0.00391942 -0.0039198 -0.00392018 -0.00392278 -0.00392278 -0.00392315
-0.00306816 -0.00306831 -0.00306837 -0.00306841 -0.00306846 -0.00306872 -0.00306872 -0.00306875
-0.00685517 -0.00695633 -0.00700701 -0.00705775 -0.00710853 -0.00746452 -0.00746452 -0.00751534
-0.00363626 -0.0036366 -0.00363675 -0.0036369 -0.00363704 -0.00363796 -0.00363796 -0.00363809
-0.00330808 -0.00330828 -0.00330836 -0.00330844 -0.00330852 -0.00330899 -0.00330899 -0.00330906
-0.00412708 -0.00412814 -0.00412866 -0.00412918 -0.00412969 -0.00413324 -0.00413324 -0.00413374
-0.00144865 -0.00144872 -0.00144874 -0.00144876 -0.00144877 -0.00144881 -0.00144881 -0.00144881
-0.00335224 -0.00335249 -0.0033526 -0.0033527 -0.0033528 -0.00335346 -0.00335346 -0.00335355
-0.00266277 -0.00266288 -0.00266292 -0.00266296 -0.00266299 -0.00266314 -0.00266314 -0.00266316
-0.00380551 -0.00380618 -0.0038065 -0.00380681 -0.00380712 -0.00380927 -0.00380927 -0.00380958
-0.00251583 -0.00251592 -0.00251595 -0.00251597 -0.00251599 -0.00251609 -0.00251609 -0.0025161
-0.00385486 -0.00385532 -0.00385553 -0.00385574 -0.00385595 -0.00385737 -0.00385737 -0.00385757
-0.00204555 -0.00204563 -0.00204566 -0.00204568 -0.0020457 -0.00204576 -0.00204576 -0.00204576
-0.00320569 -0.00320586 -0.00320593 -0.00320599 -0.00320605 -0.00320641 -0.00320641 -0.00320646
-0.0028475 -0.00284761 -0.00284764 -0.00284767 -0.0028477 -0.00284782 -0.00284782 -0.00284783
-0.00152865 -0.00152872 -0.00152874 -0.00152876 -0.00152877 -0.00152882 -0.00152882 -0.00152882
-0.00381756 -0.00381828 -0.00381863 -0.00381897 -0.00381931 -0.00382164 -0.00382164 -0.00382197
-0.00300516 -0.00300534 -0.00300542 -0.00300549 -0.00300555 -0.00300598 -0.00300598 -0.00300604
-0.00473805 -0.00474052 -0.00474175 -0.00474298 -0.00474421 -0.0047528 -0.0047528 -0.00475402
-0.00266007 -0.00266018 -0.00266022 -0.00266025 -0.00266028 -0.00266042 -0.00266042 -0.00266043
-0.00180224 -0.00180232 -0.00180235 -0.00180237 -0.00180239 -0.00180244 -0.00180244 -0.00180245
-0.00441076 -0.0044149 -0.00441695 -0.004419 -0.00442105 -0.0044353 -0.0044353 -0.00443733
-0.00659114 -0.0066805 -0.00672529 -0.00677014 -0.00681504 -0.00713054 -0.00713054 -0.00717572
-0.00330427 -0.00330446 -0.00330454 -0.00330462 -0.00330469 -0.00330516 -0.00330516 -0.00330522
-0.0035368 -0.00353722 -0.00353742 -0.00353761 -0.00353781 -0.0035391 -0.0035391 -0.00353929
-0.00265504 -0.00265515 -0.00265519 -0.00265522 -0.00265525 -0.00265537 -0.00265537 -0.00265539
-0.0020359 -0.00203598 -0.002036 -0.00203602 -0.00203603 -0.00203609 -0.00203609 -0.0020361
-0.00449804 -0.00450184 -0.00450373 -0.00450563 -0.00450752 -0.00452074 -0.00452074 -0.00452262
-0.00506796 -0.00507711 -0.00508168 -0.00508626 -0.00509083 -0.00512283 -0.00512283 -0.0051274
-0.00162651 -0.00162658 -0.0016266 -0.00162662 -0.00162663 -0.00162668 -0.00162668 -0.00162668
-0.00267164 -0.00267174 -0.00267177 -0.00267179 -0.00267181 -0.00267191 -0.00267191 -0.00267192
-0.00420016 -0.00420222 -0.00420323 -0.00420424 -0.00420525 -0.00421225 -0.00421225 -0.00421324
-0.0047077 -0.0047129 -0.00471549 -0.00471807 -0.00472065 -0.00473869 -0.00473869 -0.00474126
-0.00260845 -0.00260856 -0.0026086 -0.00260863 -0.00260866 -0.00260883 -0.00260883 -0.00260885
-0.00261143 -0.00261155 -0.00261159 -0.00261162 -0.00261166 -0.00261182 -0.00261182 -0.00261184
-0.00156902 -0.00156909 -0.00156911 -0.00156912 -0.00156914 -0.00156918 -0.00156918 -0.00156918
-0.00236164 -0.00236174 -0.00236177 -0.00236179 -0.00236181 -0.00236188 -0.00236188 -0.00236188
-0.00393148 -0.0039322 -0.00393254 -0.00393287 -0.0039332 -0.00393547 -0.00393547 -0.00393579
-0.00355845 -0.00355865 -0.00355873 -0.00355881 -0.00355888 -0.00355931 -0.00355931 -0.00355936
-0.0025919 -0.00259201 -0.00259205 -0.00259209 -0.00259212 -0.00259227 -0.00259227 -0.00259228
-0.00326754 -0.00326771 -0.00326779 -0.00326786 -0.00326793 -0.00326838 -0.00326838 -0.00326844
-0.00353242 -0.00353278 -0.00353294 -0.00353309 -0.00353325 -0.00353426 -0.00353426 -0.0035344
-0.00151305 -0.00151311 -0.00151313 -0.00151315 -0.00151316 -0.0015132 -0.0015132 -0.0015132
-0.00393002 -0.00393092 -0.00393136 -0.0039318 -0.00393223 -0.00393521 -0.00393521 -0.00393563
-0.00504052 -0.00504913 -0.00505344 -0.00505775 -0.00506207 -0.00509227 -0.00509227 -0.00509658
-0.0053733 -0.00538414 -0.00538957 -0.00539499 -0.00540042 -0.00543845 -0.00543845 -0.00544389
-0.00501732 -0.0050218 -0.00502404 -0.00502629 -0.00502854 -0.00504429 -0.00504429 -0.00504654
-0.00354817 -0.00354849 -0.00354863 -0.00354877 -0.00354891 -0.00354982 -0.00354982 -0.00354995
-0.00361839 -0.00361887 -0.00361909 -0.0036193 -0.00361951 -0.00362092 -0.00362092 -0.00362112
-0.00533465 -0.0053471 -0.00535333 -0.00535956 -0.0053658 -0.00540947 -0.00540947 -0.00541571
-0.00311774 -0.0031179 -0.00311796 -0.00311802 -0.00311807 -0.00311835 -0.00311835 -0.00311839
-0.00236148 -0.00236157 -0.0023616 -0.00236163 -0.00236165 -0.00236173 -0.00236173 -0.00236174
-4.18439E-05 -4.18452E-05 -4.18453E-05 -4.18451E-05 -4.18448E-05 -4.18408E-05 -4.18408E-05 -4.18401E-05
-0.00234084 -0.00234093 -0.00234096 -0.00234099 -0.00234101 -0.0023411 -0.0023411 -0.00234111
-0.00243393 -0.00243402 -0.00243405 -0.00243408 -0.0024341 -0.00243419 -0.00243419 -0.0024342
-0.00305614 -0.00305632 -0.00305639 -0.00305645 -0.00305651 -0.00305688 -0.00305688 -0.00305692
-0.00586259 -0.00589457 -0.00591058 -0.0059266 -0.00594263 -0.00605508 -0.00605508 -0.00607117
-0.00892721 -0.00911063 -0.00920085 -0.00929005 -0.00937823 -0.00996678 -0.00996678 -0.0100468
-0.00206012 -0.0020602 -0.00206022 -0.00206024 -0.00206026 -0.00206032 -0.00206032 -0.00206033
-0.00322184 -0.00322204 -0.00322213 -0.0032222 -0.00322227 -0.00322271 -0.00322271 -0.00322277
-0.00175728 -0.00175735 -0.00175738 -0.00175739 -0.00175741 -0.00175745 -0.00175745 -0.00175746
-0.00291086 -0.00291098 -0.00291103 -0.00291106 -0.0029111 -0.00291128 -0.00291128 -0.0029113
-0.00349766 -0.00349803 -0.0034982 -0.00349836 -0.00349852 -0.00349961 -0.00349961 -0.00349976
-0.00109557 -0.00109562 -0.00109564 -0.00109565 -0.00109566 -0.00109569 -0.00109569 -0.00109569
-0.00335911 -0.00335931 -0.0033594 -0.00335948 -0.00335956 -0.00336004 -0.00336004 -0.00336011
-0.00320501 -0.00320519 -0.00320527 -0.00320533 -0.0032054 -0.00320581 -0.00320581 -0.00320586
-0.00158164 -0.0015817 -0.00158172 -0.00158173 -0.00158174 -0.00158178 -0.00158178 -0.00158178
-0.00391974 -0.00392047 -0.00392082 -0.00392117 -0.00392152 -0.00392393 -0.00392393 -0.00392427
-0.00246907 -0.00246917 -0.0024692 -0.00246923 -0.00246925 -0.00246935 -0.00246935 -0.00246936
-0.00329618 -0.00329639 -0.00329648 -0.00329656 -0.00329664 -0.00329711 -0.00329711 -0.00329718
-0.00544225 -0.0054563 -0.00546333 -0.00547036 -0.00547739 -0.00552659 -0.00552659 -0.00553362
-0.00665498 -0.00671348 -0.00674279 -0.00677211 -0.00680145 -0.00700706 -0.00700706 -0.00703644
-0.00362183 -0.00362231 -0.00362254 -0.00362276 -0.00362298 -0.00362447 -0.00362447 -0.00362468
-0.00231279 -0.00231288 -0.0023129 -0.00231293 -0.00231295 -0.00231303 -0.00231303 -0.00231304
-0.00282223 -0.00282235 -0.00282239 -0.00282243 -0.00282246 -0.00282262 -0.00282262 -0.00282264
-0.00255881 -0.00255892 -0.00255895 -0.00255898 -0.002559 -0.0025591 -0.0025591 -0.00255911
-0.00281839 -0.0028185 -0.00281854 -0.00281857 -0.0028186 -0.00281877 -0.00281877 -0.00281879
-0.00258696 -0.00258708 -0.00258712 -0.00258715 -0.00258717 -0.00258728 -0.00258728 -0.00258729
