# Open-loop AC Monte Carlo simulation mismatch-only voltage gain
# N B M BN BM NN NV MV
36.3068 36.3068 36.3068 32.7851 36.3068 69.1888 69.2535 72.6688
36.3699 36.3699 36.3699 32.8482 36.3699 69.3128 69.377 72.7902
36.4014 36.4014 36.4014 32.8797 36.4014 69.3714 69.4353 72.844
36.5727 36.5727 36.5727 33.051 36.5727 69.7096 69.7723 73.1802
36.3586 36.3586 36.3586 32.8369 36.3586 69.2916 69.3555 72.7706
36.2584 36.2584 36.2584 32.7367 36.2584 69.0917 69.1567 72.5696
36.0048 36.0092 36.0113 32.4916 36.0153 68.6394 68.7062 72.1282
36.5542 36.5542 36.5542 33.0324 36.5542 69.6742 69.737 73.1464
36.2817 36.2817 36.2817 32.76 36.2817 69.1392 69.2041 72.6187
36.2684 36.2684 36.2684 32.7467 36.2684 69.1097 69.1747 72.5854
36.4489 36.4489 36.4489 32.9272 36.4489 69.4664 69.53 72.9401
36.2253 36.2253 36.2253 32.7036 36.2253 69.0293 69.0946 72.5112
36.2906 36.2906 36.2906 32.7689 36.2906 69.1557 69.2205 72.6336
36.5368 36.5368 37.1155 33.0151 36.5368 69.639 69.702 73.1106
36.0093 36.0106 36.0112 32.4901 36.0125 68.6172 68.6842 72.1023
36.4189 36.4189 36.4189 32.8972 36.4189 69.4044 69.4682 72.8753
36.4831 36.4832 36.4832 32.9615 36.4832 69.536 69.5994 73.0111
36.3413 36.3413 36.3413 32.8196 36.3413 69.2565 88.6789 72.7342
36.5239 36.5239 36.5239 33.0022 36.5239 69.6159 69.679 73.0903
36.2563 36.2563 36.2563 32.7346 36.2563 69.0918 69.1569 72.5748
36.0872 36.089 36.0898 32.569 36.0916 68.7755 68.8418 72.2591
35.9238 35.925 35.9256 32.4045 35.9268 68.4461 68.5136 71.9302
36.1354 36.1354 36.1354 32.6137 36.1354 68.8483 68.9143 72.3271
36.2455 36.2455 36.2455 32.7237 36.2455 69.0689 69.134 72.5503
35.9528 35.9537 35.9541 32.4329 35.955 68.5023 68.5697 71.9888
36.006 36.006 36.006 32.4843 36.006 68.5952 68.6622 72.0784
36.0812 36.0812 36.0812 32.5595 36.0812 51.374 68.8107 72.2274
36.0875 36.0875 36.0875 32.5658 36.0875 68.759 68.8253 72.2446
36.3727 36.3727 36.3727 32.851 36.3727 69.3181 69.3823 72.7954
36.3163 36.3163 36.3163 32.7946 36.3163 69.2041 69.2687 72.6789
36.6501 36.6501 36.6501 33.1284 36.6501 69.8618 69.9239 73.3306
36.2939 36.2939 36.2939 32.7721 36.2939 69.1618 69.2265 72.6392
36.1023 36.1023 36.1023 32.5806 36.1023 68.7858 68.8517 72.2685
36.041 36.041 36.041 32.5193 36.041 68.6649 68.7316 72.1484
36.3584 36.3584 36.3584 32.8367 36.3584 69.2856 69.3498 72.7579
36.2444 36.2444 36.2444 32.7226 36.2444 69.0631 69.1283 72.5402
35.872 35.872 35.872 32.3502 35.872 68.3345 68.4026 71.8241
36.4945 36.4946 36.4945 32.9728 36.4945 69.5565 69.6198 73.0296
36.1372 36.1372 36.1372 32.6155 36.1372 68.8499 68.9158 72.3261
36.5066 36.5066 36.5066 32.9848 36.5066 69.5834 69.6467 73.0603
35.9113 35.9113 35.9113 32.3896 35.9114 68.4091 68.4768 71.8943
36.3717 36.3717 36.3717 32.85 36.3717 69.3186 69.3828 72.7989
36.6229 36.6229 36.6229 33.1012 36.6229 69.8111 69.8735 73.2839
36.3977 36.3977 36.3978 32.8761 36.3978 69.3657 69.4296 72.84
36.0219 36.0227 36.0231 32.5018 36.0239 68.635 68.7018 72.1174
36.1358 36.1358 36.1358 32.614 36.1358 68.8511 78.229 72.3325
36.3314 36.3314 36.3314 32.8097 36.3314 69.2364 69.3009 72.7141
36.3217 36.3217 36.3217 32.7999 36.3216 69.2163 69.2809 72.6932
36.593 36.593 36.593 33.0713 36.593 69.7527 69.8153 73.2268
36.1857 36.1857 36.1857 32.664 36.1858 68.9507 69.0163 72.4322
36.1876 36.1877 36.1878 32.6661 36.1878 68.9537 69.0193 72.4335
36.5458 36.5458 36.5458 33.024 36.5458 69.6562 69.7191 73.127
36.0149 36.0149 36.0149 32.4931 36.0149 68.6153 68.6823 72.1017
36.3184 36.3185 36.3185 32.7968 36.3185 69.2104 69.275 72.6876
36.2166 36.2166 36.2166 32.6949 36.2167 69.0122 69.0776 72.4937
36.6671 36.6671 36.6671 33.1454 36.6671 69.8932 69.9552 73.3592
36.5547 36.5547 36.5547 33.033 36.5547 69.6713 69.7341 73.1389
36.6128 36.6128 36.6128 33.0911 36.6128 69.7913 69.8538 73.2645
36.1462 36.1462 36.1462 32.6245 36.1462 68.8751 68.941 72.3604
36.0938 36.0939 36.0939 32.5721 36.0939 68.7667 68.833 72.2466
35.9577 35.9577 35.9577 32.436 35.9577 68.5014 68.5688 71.9871
36.5751 36.5751 36.5751 33.0534 36.5751 69.7163 69.779 73.1892
36.084 36.084 36.084 32.5623 36.084 68.7491 68.8155 72.2312
36.2299 36.2299 36.2299 32.7082 36.2299 69.038 69.1033 72.5192
36.4609 36.4609 36.4609 32.9391 36.4609 69.4939 69.5575 72.9723
36.2368 36.2369 36.2369 32.7151 36.2369 69.0542 69.1194 72.5383
36.0815 36.0816 36.0816 32.56 36.0817 68.7457 68.8121 72.2287
35.8689 35.8691 35.8691 32.3474 35.8692 68.3276 68.3957 71.8148
35.8875 35.8875 35.8875 32.3658 35.8876 73.6723 68.4313 71.8503
36.2364 36.2364 36.2364 32.7147 36.2364 69.0489 69.1141 72.5277
36.4176 36.4176 36.4176 32.8959 36.4176 69.4033 69.4671 72.8758
35.9643 35.9644 35.9645 32.4428 35.9646 68.5165 68.5838 72.0031
36.2988 36.2988 36.2988 32.7771 36.2988 69.1698 69.2346 72.6452
36.4477 36.4477 36.4477 32.926 36.4477 69.4676 69.5313 72.9457
36.7444 36.7444 36.7444 33.2227 36.7444 70.051 70.1125 73.5223
36.6136 36.6136 36.6136 33.0919 36.6136 69.7944 69.8569 73.2693
36.355 36.355 36.355 32.8332 36.355 69.2841 69.3485 72.763
36.4523 36.4523 36.4523 32.9306 36.4523 69.4735 69.5371 72.9477
36.0731 36.0734 36.0735 32.5519 36.0738 68.7332 68.7997 72.2186
35.6241 35.626 35.6269 32.1061 35.6287 67.8641 67.8797 71.3551
36.6171 36.6171 36.6171 33.0954 36.6171 69.7964 69.8588 73.2655
36.2065 36.2065 36.2065 32.6848 36.2065 68.9902 69.0556 72.4699
36.3978 36.3978 36.3978 32.8761 36.3978 69.3716 69.4356 72.8532
36.2095 36.2095 36.2095 32.6878 36.2095 68.9968 69.0622 72.4773
36.2707 36.2707 36.2707 32.749 36.2707 69.1179 69.1829 72.5981
36.6295 36.6295 36.6295 33.1078 36.6295 69.8205 69.8828 73.2889
36.0807 36.0807 36.0807 32.559 36.0807 74.1117 74.7642 72.2179
36.3455 36.3455 36.3455 32.8238 36.3455 69.267 69.3314 72.7478
36.6369 36.6369 36.6369 33.1151 36.6369 69.8398 69.902 73.3137
36.0601 36.0601 36.0601 32.5384 36.0602 68.7015 68.7681 72.1835
36.4357 36.4357 36.4357 32.914 36.4357 69.4414 69.5051 72.9165
36.1477 36.1477 36.1477 32.626 36.1477 68.8757 68.9416 86.1056
35.9552 35.9553 35.9554 32.4337 35.9555 68.4976 68.565 71.9831
35.8563 35.8569 35.8572 32.3357 35.8577 68.3075 68.3757 71.7946
36.2049 36.2049 36.2049 32.6832 36.2049 68.9894 69.0548 72.4719
36.6192 36.6192 36.6192 33.0975 36.6192 69.8017 69.8641 73.272
36.3107 36.3107 36.3107 32.789 36.3107 69.1942 69.2589 72.6706
36.1796 36.1796 36.1796 32.6578 36.1796 68.9381 69.0037 72.4194
36.3447 36.3447 36.3447 32.823 36.3447 69.2628 69.3272 72.7404
36.4895 36.4895 36.4895 32.9678 36.4895 69.5484 69.6118 73.024
