# Open-loop AC Monte Carlo simulation mismatch-only output common-voltage
# N B M BN BM NN NV MV
-0.0138887 -0.0118756 0.000374378 -0.0100758 -0.00917476 -0.00138584 -0.00202484 -0.000831469
-0.00272695 0.0541652 0.00459958 -0.0067544 0.0019477 0.00358517 -0.00335561 -0.0091297
-0.00898542 -0.00409345 -0.00759251 -0.018307 -0.010676 -0.0134869 -0.00595683 -0.00588825
-0.00341565 -0.0194509 0.00826119 0.00388918 -0.0127938 0.009144 0.0134847 -0.00690768
-0.00217294 -0.0253088 0.00172053 -0.00814377 -0.00662856 0.00758029 -0.0102126 -0.00510696
-0.00164781 0.0503313 0.00561353 -0.0207211 -0.0180347 -0.0183959 -0.000822277 -0.000718496
-0.0036178 0.0220167 0.000576694 0.00382468 -0.00331235 0.00583206 0.0128401 -0.00885302
-0.0162536 -0.050308 -0.0127481 0.0136187 -0.0287284 0.00274857 -0.0258982 0.00410563
0.00909145 0.0439745 0.000432352 0.00771384 0.0174624 0.00411876 -0.00678702 -0.00490165
0.00383751 -0.00465669 -0.00414174 -0.0109027 -0.0069689 -0.00330224 0.00725308 -0.0050384
0.00800341 0.0922415 0.0196947 -0.00820189 0.0169787 0.0222541 0.00866472 -0.00442269
-0.00574604 0.0418214 -0.00119966 0.00225354 0.00776868 -0.00561644 -0.000395328 0.00301965
-0.0130848 0.0256993 0.000972942 -0.00476456 0.00404525 -0.0113012 -0.00274514 -0.00658019
-0.00320715 0.0421034 0.00555307 0.0155741 0.00310985 -0.00676495 -0.00638491 0.00043771
0.00106041 -0.083716 -0.0287734 -0.00643277 -0.00595084 0.00149227 -0.00422331 0.00425951
-0.00367339 -0.0226075 0.00312464 0.0104911 0.00905923 0.00314474 0.00942173 -0.00674624
-0.00189065 0.0100604 -0.0322115 -0.00880548 -0.0203485 -0.0200707 -0.00630711 -0.00362889
-0.00993463 -0.062207 0.00243354 -0.024519 -0.00710555 -0.00858133 -0.0133716 -0.00723003
0.00725635 -0.0285706 0.012622 0.0195506 0.0209881 -0.000636756 0.0013871 -0.0059381
-0.0134641 -0.0865914 -0.0116477 -0.0263133 -0.0340641 0.011036 -0.00729786 -0.0040666
-0.00734361 0.0527946 -0.00519598 -0.0109442 -0.00592086 -0.00135983 -0.00440467 -0.00844098
0.00833116 0.0137102 -0.00288178 0.00309906 -0.0132619 0.00324267 0.00604661 -0.00615277
0.00408018 0.106378 -0.00654107 -0.00761483 0.0159036 -0.000566362 0.00407091 0.00142259
0.00189545 0.0176636 -0.00868736 -0.0196034 -0.0129713 -0.0125193 -0.0199162 0.000753319
0.000837208 -0.00642066 -0.0126713 -0.0161362 -0.0191079 -0.0162248 -0.0017972 -0.00746632
-0.00577349 -0.0201768 0.0071813 -0.0109711 -0.00124461 -0.0247917 -0.0166975 -0.00530101
0.00317521 -0.0190485 -0.00537195 -0.0011325 -0.0211204 -0.0148703 0.0108493 -0.00466634
-0.00411112 -0.0372172 0.00578578 -0.0245282 -0.000890008 -0.0155221 -0.0110161 -0.00355671
0.00298163 0.013401 0.0197483 0.0211456 0.012582 0.0162647 0.00882924 0.000680336
0.00119744 0.0333788 0.000355705 -0.00216159 -0.00969283 0.00672736 -0.0162753 0.0023811
0.00148554 -0.0306172 -0.0151599 -0.00708337 0.00647447 0.00961253 -0.00849735 -0.00263627
-0.0113787 -0.0650912 -0.00631317 -0.00438353 0.00312696 -0.00141515 -0.00573628 -0.00891873
-0.00378362 -0.053615 -0.0333768 -0.00733392 -0.0217216 -0.0415298 -0.0206863 -0.00715746
-0.00449925 -0.0813099 -0.0051409 -0.00465643 -0.0109971 -0.0116512 0.0241054 0.00927759
-0.00190185 0.0225799 0.0139802 -0.00223998 -0.0113231 -0.0167557 -0.00660541 -0.00373966
0.00232504 0.00970502 0.0077628 0.0149008 -0.000254981 0.00273556 -0.00264178 0.000696087
-0.000291429 0.0217579 0.0104524 -0.0018079 0.0108618 0.00655269 -0.00929456 -0.00716192
-0.00135436 -0.0151871 0.0108409 -0.018374 0.0162461 0.00478519 0.0143444 0.00450222
-0.0040021 0.0167644 0.00636157 0.00551735 0.0047602 0.00284066 -0.00394588 -0.0029148
-0.00505938 0.0113485 -0.00366244 0.00252445 0.00706198 0.00549714 0.0134162 0.00225685
-0.0056542 -0.0676453 -0.0181862 -0.0271722 -0.0139929 -0.0182468 -0.0152267 0.000278217
0.00794574 -0.00779595 0.00205589 -0.00354451 0.0186145 -0.00127638 -0.0144345 0.00779246
-0.000407025 0.00468251 0.00283005 -0.0153453 -0.0171491 -0.0130402 0.024836 -0.00320741
0.00566988 0.0986037 0.0166411 0.0189312 0.00418561 0.00613635 0.0126245 -0.00197823
0.0029437 -0.0617479 -0.016955 0.00190164 -0.010942 -0.0134132 -0.0157198 0.000102915
-0.0158253 -0.0451009 -0.00125115 -0.0199219 -0.011818 -0.00275557 -0.00457205 -0.00696588
-0.00216493 0.00623989 -0.0117638 0.000583756 0.000673388 -0.00505286 0.00580876 -0.00436579
0.00392803 0.0079231 0.0120041 -0.00227933 -0.00169648 0.00239091 -0.00445849 3.74115E-05
0.00211004 -0.0453689 0.00263728 0.00976884 0.00387053 -0.000414403 0.00878076 -0.00952105
0.00743897 0.0109675 0.0212241 0.0147247 0.00858435 0.00163127 0.0160859 0.00259463
0.0119432 -0.0419688 -0.0105839 -3.1229E-05 0.0116215 -0.00735117 -0.0184688 -0.0083477
-0.0159826 0.00626011 0.00878296 -0.00491626 -0.0011213 -0.0114282 -0.0225087 -0.00649872
-0.012245 -0.00319255 -0.00947473 -0.0216238 -0.0208172 -0.00371231 -0.0238359 -0.00645042
-0.00913773 -0.0263488 0.0024542 0.019107 0.00383823 -1.69708E-05 0.000179333 0.00155454
-0.0175639 0.0415719 -0.0154856 -0.0062083 -0.0304407 -0.00317636 -0.0034031 0.0030173
0.00100602 -0.00668148 0.00754481 -0.00823482 -0.00419336 -0.00265736 0.000271747 -0.00555913
0.00890276 0.0791555 -0.00350535 0.0124354 0.003382 -0.00708009 0.0223385 -0.00489181
0.00389859 0.0284528 0.0187297 0.00570002 -0.00364929 -0.0014952 -0.00300015 0.000878996
0.011759 -0.00955899 -0.00848946 -0.00298924 -0.0102873 -0.0248343 -0.0172875 -0.00193296
-0.0058439 -0.0181393 -0.00966949 -0.00482395 0.000416485 0.00412638 0.00735587 -0.00782603
-0.0131151 -0.0315216 -0.0139446 -0.00822281 -0.0126674 -0.0204944 -0.0224373 0.00140071
0.00247461 -0.0115151 0.00708812 -0.0247402 0.0149924 -0.00329286 -0.00157445 0.00127433
-1.71382E-05 -0.0594052 -0.00112864 0.0121702 -0.00940233 0.0141817 0.0159462 -0.00634209
-0.000506581 0.0189734 -0.00595645 0.00322731 0.000138867 -0.00714273 -0.00503757 -0.00135686
0.0270027 -0.0201517 0.0189446 0.00832008 0.00548674 0.0208318 0.00556348 -0.0120507
-0.00313818 -0.0100349 0.0014153 -0.0054314 -0.0116176 -0.00799148 -0.0106534 -0.0115671
0.00327487 -0.0134808 -0.0140197 -0.0183243 -0.0240767 0.00752533 -0.00186558 -0.00954155
-0.0236443 -0.0435119 -0.00843212 0.000124475 -0.0098658 -0.00843999 -0.00532905 -0.00353952
-0.00705582 0.134416 -0.00442757 -0.00104924 0.0173677 -0.00629478 -0.00763363 -0.0124852
-0.00359771 0.0201616 -0.00133194 0.00770755 0.0050922 -0.000723013 0.00161728 -0.00216849
0.00711969 -0.0390316 0.00519855 -0.0184324 0.00616519 -0.00563689 0.000598476 -0.00177483
-0.0169328 -0.0025473 -0.0140782 -0.0234669 0.00285181 -0.0153409 -0.0310282 -0.00632785
0.00242468 0.0339905 0.00264747 0.013618 0.00937828 -0.000157591 -0.00618805 0.00372927
-0.00191208 -0.0161351 -0.0222403 -0.0165006 -0.0429248 -0.0119206 -0.0123861 -0.00819793
0.0132642 0.0803804 0.0197597 0.0229477 0.00261957 0.0147309 0.015968 -0.00931274
0.00784732 0.00975471 -0.000580621 -0.0196148 0.00582286 -0.0089845 -0.00452687 -0.00228534
-0.00897502 0.0379284 0.00693382 0.00104753 -0.0059242 -0.00806701 0.00709151 -0.00077561
0.0120707 -0.0511611 0.0100011 0.00898824 0.00771343 0.0118234 0.00861972 -0.0033215
-0.00756333 -0.0413951 0.00608779 -0.000877701 -0.0145468 0.00130314 -0.00997695 0.00706375
-0.0105403 0.00674694 -0.0107612 -0.0146646 -0.0138758 0.00114171 -0.00603832 -0.00299536
0.00832552 0.0259277 -0.00270938 0.00192718 0.00829585 0.0156325 -0.0141062 0.00571393
0.0134165 -0.0122989 0.00958887 -0.00902801 0.0109293 0.0177728 -0.00327424 -0.0116215
-0.00690948 0.0127315 -0.000516659 0.0147594 0.00491531 0.00400341 -0.0110772 0.00457708
-7.02117E-05 0.0386121 0.0118834 0.00310741 0.0150416 0.00161168 0.0184316 -0.000466883
-0.0126785 0.0417339 0.000655221 -0.00467377 0.00106746 -0.00678984 -0.0131417 -0.00620169
0.000121774 -0.0114692 0.008413 0.0166836 0.00152595 0.00838627 0.012643 -0.00277327
-0.0248331 0.0114972 -0.0190006 -0.00259457 -0.00296775 0.00195629 -0.0170497 -0.00173126
-0.0130854 -0.0596619 -0.030101 -0.0128313 0.00478543 -0.00196033 -0.0056202 0.00752885
0.0235055 0.00847643 0.0124479 0.0200504 0.00758203 0.0122469 0.00874905 -0.0105565
0.0110551 0.011964 0.00508332 -0.00754388 -0.00162665 0.00537693 0.00166932 -0.00489354
-0.0180469 0.017347 -0.0127622 0.00898287 -0.0196404 0.00855754 -0.0232221 -0.00109852
0.00175086 -0.0399344 -0.00111584 0.00676383 0.00796445 -0.0106465 0.0184401 -0.00272779
0.00132724 -0.00616343 -0.0042757 0.000299276 0.00267429 -0.0114348 0.00157281 0.0023781
-0.000295323 -0.0519514 0.00674041 -0.00510253 -0.0117055 -0.0149859 -0.00234563 -0.00157884
-0.00175129 0.0112691 0.00734958 -0.0240727 -0.016827 -0.00861381 -0.0164179 -0.00255193
-0.00758847 -0.0756487 0.0032304 0.00834934 0.00262438 0.006979 0.00211769 -0.00267735
-0.00256319 -0.0450425 0.00294887 0.0105767 -0.00729776 -0.000794613 0.00761858 0.00124922
0.00953134 -0.0509083 -0.000207419 0.00293721 -0.0137375 -0.00562402 -0.00247351 -0.00481177
0.000953048 -0.0164167 0.000166325 -0.00431098 -0.00784146 -0.0184224 -0.0169935 -0.0192965
-0.00338707 -0.0453159 0.00394531 -0.006434 -0.026427 0.00774972 -0.000925814 -0.00196417
