# Open-loop AC Monte Carlo simulation mismatch-only GBW
# N B M BN BM NN NV MV
1.00648E+07 1.01399E+07 1.00933E+07 1.00268E+07 1.00872E+07 2.21896E+07 2.29072E+07 2.24277E+07
9.79935E+06 9.87378E+06 9.82775E+06 9.76238E+06 9.82178E+06 2.1797E+07 2.19265E+07 2.20376E+07
9.74821E+06 9.82074E+06 9.77538E+06 9.712E+06 9.76948E+06 2.11928E+07 2.13193E+07 2.14189E+07
9.81475E+06 9.88671E+06 9.84192E+06 9.77783E+06 9.83594E+06 2.14949E+07 2.16208E+07 2.17223E+07
1.00148E+07 1.00919E+07 1.00443E+07 9.97716E+06 1.00382E+07 2.21862E+07 2.29068E+07 2.24321E+07
9.74054E+06 9.81368E+06 9.76803E+06 9.70421E+06 9.76219E+06 2.18763E+07 2.16259E+07 2.17318E+07
9.97712E+06 1.00522E+07 1.00062E+07 9.94137E+06 1.00009E+07 2.23441E+07 2.24766E+07 2.25912E+07
9.54113E+06 9.61155E+06 9.56763E+06 9.50581E+06 9.56179E+06 2.13931E+07 2.15164E+07 2.16244E+07
9.89865E+06 9.97099E+06 9.92601E+06 9.86154E+06 9.92003E+06 2.1951E+07 2.20803E+07 2.2188E+07
9.81062E+06 9.88538E+06 9.83919E+06 9.77342E+06 9.83321E+06 2.12626E+07 2.13928E+07 2.14947E+07
9.86571E+06 9.93829E+06 9.89319E+06 9.82864E+06 9.88721E+06 2.15762E+07 2.17038E+07 2.18059E+07
1.01347E+07 1.02096E+07 1.01632E+07 1.00967E+07 1.01571E+07 2.23801E+07 2.25142E+07 2.26244E+07
9.83291E+06 9.90751E+06 9.8614E+06 9.79566E+06 9.85542E+06 2.16623E+07 2.17926E+07 2.18996E+07
9.83325E+06 9.90589E+06 1.02321E+07 9.79635E+06 9.85478E+06 2.15239E+07 2.1651E+07 2.17531E+07
9.96388E+06 1.00387E+07 9.99228E+06 9.9269E+06 9.98652E+06 2.19405E+07 2.2074E+07 2.21821E+07
9.74723E+06 9.81876E+06 9.7739E+06 9.71098E+06 9.76802E+06 2.10255E+07 2.11513E+07 2.12472E+07
9.88132E+06 9.95494E+06 9.90932E+06 9.84412E+06 9.90335E+06 2.18587E+07 2.19885E+07 2.20973E+07
9.80301E+06 9.87654E+06 9.83096E+06 9.76602E+06 9.82499E+06 2.29046E+07 2.23857E+07 2.20303E+07
9.80083E+06 9.87528E+06 9.82924E+06 9.76392E+06 9.82326E+06 2.18102E+07 2.19392E+07 2.20504E+07
1.00876E+07 1.01626E+07 1.01161E+07 1.00494E+07 1.011E+07 2.26029E+07 2.27353E+07 2.28501E+07
1.0058E+07 1.01353E+07 1.00879E+07 1.00202E+07 1.00821E+07 2.19364E+07 2.20729E+07 2.21803E+07
1.00087E+07 1.00828E+07 1.0037E+07 9.97156E+06 1.00311E+07 2.1599E+07 2.17304E+07 2.18293E+07
9.8935E+06 9.96698E+06 9.92143E+06 9.85621E+06 9.91545E+06 2.14127E+07 2.15444E+07 2.16449E+07
1.00527E+07 1.01275E+07 1.0081E+07 1.00146E+07 1.00749E+07 2.22825E+07 2.24138E+07 2.25249E+07
1.00082E+07 1.00827E+07 1.00366E+07 9.97086E+06 1.00306E+07 2.21182E+07 2.22502E+07 2.23582E+07
9.84725E+06 9.91949E+06 9.87456E+06 9.80998E+06 9.86858E+06 2.17071E+07 2.18358E+07 2.19409E+07
9.89668E+06 9.97011E+06 9.92459E+06 9.85938E+06 9.91861E+06 2.39812E+07 2.20751E+07 2.21843E+07
1.00304E+07 1.01058E+07 1.00591E+07 9.99232E+06 1.0053E+07 2.25168E+07 2.26504E+07 2.27661E+07
1.00315E+07 1.0106E+07 1.00598E+07 9.99376E+06 1.00536E+07 2.20083E+07 2.21392E+07 2.22446E+07
9.93158E+06 1.00044E+07 9.95911E+06 9.89447E+06 9.95313E+06 2.13998E+07 2.15299E+07 2.16282E+07
9.76701E+06 9.83926E+06 9.79426E+06 9.73084E+06 9.78829E+06 2.14414E+07 2.1567E+07 2.16698E+07
9.84062E+06 9.91378E+06 9.86839E+06 9.80335E+06 9.86242E+06 2.16278E+07 2.17564E+07 2.18608E+07
1.00269E+07 1.01039E+07 1.00564E+07 9.98897E+06 1.00502E+07 2.20341E+07 2.39832E+07 2.22786E+07
9.952E+06 1.00244E+07 9.97912E+06 9.91473E+06 9.97314E+06 2.19575E+07 2.2088E+07 2.2194E+07
9.85998E+06 9.93136E+06 9.88686E+06 9.82299E+06 9.88088E+06 2.11507E+07 2.12767E+07 2.13703E+07
1.00874E+07 1.01633E+07 1.01163E+07 1.00493E+07 1.01102E+07 2.1643E+07 2.17764E+07 2.18757E+07
1.01769E+07 1.02508E+07 1.02046E+07 1.01386E+07 1.01985E+07 2.28118E+07 2.29451E+07 2.30604E+07
9.76474E+06 9.83836E+06 9.79265E+06 9.72856E+06 9.78668E+06 2.15311E+07 2.16591E+07 2.17645E+07
9.76957E+06 9.84384E+06 9.79786E+06 9.73318E+06 9.79189E+06 2.09426E+07 2.10736E+07 2.11702E+07
1.01276E+07 1.02068E+07 1.01582E+07 1.00895E+07 1.0152E+07 2.2386E+07 2.25246E+07 2.26401E+07
9.97236E+06 1.00452E+07 9.99948E+06 9.93499E+06 9.99351E+06 2.18832E+07 2.20151E+07 2.21197E+07
9.83376E+06 9.90674E+06 9.86144E+06 9.79664E+06 9.85546E+06 2.22684E+07 2.23958E+07 2.25126E+07
9.7371E+06 9.80882E+06 9.76394E+06 9.70101E+06 9.75809E+06 2.18412E+07 2.19666E+07 2.20774E+07
9.63528E+06 9.70639E+06 9.66223E+06 9.59897E+06 9.65639E+06 2.13046E+07 2.14296E+07 2.15347E+07
9.82802E+06 9.90075E+06 9.85571E+06 9.791E+06 9.84987E+06 2.1484E+07 2.16138E+07 2.1716E+07
1.00643E+07 1.01394E+07 1.00928E+07 1.00261E+07 1.00867E+07 2.19616E+07 2.45393E+07 2.22003E+07
9.83858E+06 9.91309E+06 9.86702E+06 9.80136E+06 9.86105E+06 2.17552E+07 2.1885E+07 2.19945E+07
1.00964E+07 1.01727E+07 1.01255E+07 1.00584E+07 1.01194E+07 2.1839E+07 2.19734E+07 2.2077E+07
1.00007E+07 1.00767E+07 1.00297E+07 9.9636E+06 1.00236E+07 2.21486E+07 2.22792E+07 2.23892E+07
9.96891E+06 1.00452E+07 9.99773E+06 9.93156E+06 9.99176E+06 2.20254E+07 2.21598E+07 2.22704E+07
1.00044E+07 1.00798E+07 1.00331E+07 9.96702E+06 1.0027E+07 2.18019E+07 2.19342E+07 2.2039E+07
9.90857E+06 9.9819E+06 9.93642E+06 9.8716E+06 9.93044E+06 2.15125E+07 2.16415E+07 2.17424E+07
1.03545E+07 1.04327E+07 1.03844E+07 1.03154E+07 1.03781E+07 2.2739E+07 2.28777E+07 2.299E+07
9.80038E+06 9.87339E+06 9.82807E+06 9.7634E+06 9.8221E+06 2.16171E+07 2.17449E+07 2.18499E+07
9.80126E+06 9.87448E+06 9.82907E+06 9.76413E+06 9.8231E+06 2.19858E+07 2.2115E+07 2.22273E+07
9.71028E+06 9.78266E+06 9.73775E+06 9.67415E+06 9.7319E+06 2.11063E+07 2.12324E+07 2.13319E+07
9.83349E+06 9.90822E+06 9.86204E+06 9.79649E+06 9.85607E+06 2.10789E+07 2.12084E+07 2.13054E+07
9.92509E+06 9.99906E+06 9.95326E+06 9.88812E+06 9.94728E+06 2.20271E+07 2.21569E+07 2.22667E+07
1.00611E+07 1.01342E+07 1.00886E+07 1.00231E+07 1.00825E+07 2.26866E+07 2.28162E+07 2.29306E+07
9.73803E+06 9.8082E+06 9.7641E+06 9.70162E+06 9.75826E+06 2.13342E+07 2.14601E+07 2.15608E+07
1.0175E+07 1.02477E+07 1.02022E+07 1.01368E+07 1.0196E+07 2.23016E+07 2.24332E+07 2.25384E+07
9.77457E+06 9.84859E+06 9.80277E+06 9.73833E+06 9.79679E+06 2.17424E+07 2.18694E+07 2.19796E+07
1.01148E+07 1.01917E+07 1.01442E+07 1.00765E+07 1.01381E+07 2.19722E+07 2.21092E+07 2.22151E+07
9.769E+06 9.84134E+06 9.79632E+06 9.73265E+06 9.79034E+06 2.1958E+07 2.20857E+07 2.21974E+07
1.01181E+07 1.01933E+07 1.01467E+07 1.00802E+07 1.01406E+07 2.25006E+07 2.26332E+07 2.27456E+07
9.89461E+06 9.96854E+06 9.92276E+06 9.85738E+06 9.91679E+06 2.25676E+07 2.26986E+07 2.2819E+07
9.96444E+06 1.00404E+07 9.99318E+06 9.92706E+06 9.98721E+06 2.19592E+07 2.20942E+07 2.22038E+07
9.96169E+06 1.0036E+07 9.98963E+06 9.92421E+06 9.98366E+06 2.20932E+07 2.22263E+07 2.2336E+07
1.00977E+07 1.0173E+07 1.01264E+07 1.00595E+07 1.01203E+07 2.23867E+07 2.23577E+07 2.24668E+07
1.01032E+07 1.01789E+07 1.0132E+07 1.00651E+07 1.01259E+07 2.1896E+07 2.20306E+07 2.21343E+07
9.84591E+06 9.91892E+06 9.87361E+06 9.8088E+06 9.86763E+06 2.13048E+07 2.14327E+07 2.15324E+07
1.00112E+07 1.0087E+07 1.00401E+07 9.9735E+06 1.0034E+07 2.2296E+07 2.243E+07 2.25438E+07
1.0046E+07 1.01204E+07 1.00742E+07 1.0008E+07 1.00681E+07 2.15313E+07 2.16625E+07 2.17596E+07
9.9488E+06 1.00225E+07 9.97658E+06 9.91166E+06 9.9706E+06 2.22587E+07 2.23873E+07 2.2501E+07
1.012E+07 1.01944E+07 1.01482E+07 1.00823E+07 1.01421E+07 2.2348E+07 2.24781E+07 2.25873E+07
9.73629E+06 9.80859E+06 9.76341E+06 9.70012E+06 9.75757E+06 2.20899E+07 2.22157E+07 2.23308E+07
9.93921E+06 1.00136E+07 9.96743E+06 9.90208E+06 9.96146E+06 2.20884E+07 2.22196E+07 2.23301E+07
9.8189E+06 9.89223E+06 9.84676E+06 9.78179E+06 9.84078E+06 2.16052E+07 2.17331E+07 2.18377E+07
1.00034E+07 1.00784E+07 1.00319E+07 9.96604E+06 1.00258E+07 2.23634E+07 2.24964E+07 2.26102E+07
9.98702E+06 1.00634E+07 1.00163E+07 9.94985E+06 1.00105E+07 2.20137E+07 2.21508E+07 2.34385E+07
9.83934E+06 9.91412E+06 9.86792E+06 9.80231E+06 9.86194E+06 2.14321E+07 2.15623E+07 2.16656E+07
9.80141E+06 9.87391E+06 9.82885E+06 9.76443E+06 9.82287E+06 2.1681E+07 2.18085E+07 2.19142E+07
1.00021E+07 1.00782E+07 1.00311E+07 9.96491E+06 1.0025E+07 2.27159E+07 2.28476E+07 2.29685E+07
9.93449E+06 1.00078E+07 9.96224E+06 9.89733E+06 9.95626E+06 2.19286E+07 2.206E+07 2.21673E+07
9.81381E+06 9.88829E+06 9.84223E+06 9.77657E+06 9.83626E+06 2.19278E+07 2.20591E+07 2.21716E+07
9.81807E+06 9.89012E+06 9.84529E+06 9.78121E+06 9.83931E+06 2.13826E+07 2.15089E+07 2.16089E+07
9.95377E+06 1.00276E+07 9.98154E+06 9.91641E+06 9.97556E+06 2.13792E+07 2.29044E+07 2.14875E+07
1.00073E+07 1.00822E+07 1.00357E+07 9.96998E+06 1.00296E+07 2.24484E+07 2.25799E+07 2.26944E+07
9.77296E+06 9.84684E+06 9.80109E+06 9.73675E+06 9.79511E+06 2.20559E+07 2.21833E+07 2.22978E+07
9.97988E+06 1.00555E+07 1.00084E+07 9.9426E+06 1.00023E+07 2.17519E+07 2.18848E+07 2.19902E+07
9.78035E+06 9.85386E+06 9.8083E+06 9.74396E+06 9.80232E+06 2.16445E+07 2.17721E+07 2.18783E+07
9.89304E+06 9.96625E+06 9.92084E+06 9.85582E+06 9.91486E+06 2.20124E+07 2.21432E+07 2.22591E+07
9.80808E+06 9.8806E+06 9.83555E+06 9.77072E+06 9.82959E+06 2.18848E+07 2.2015E+07 2.2125E+07
1.00161E+07 1.00921E+07 1.00452E+07 9.97831E+06 1.00392E+07 2.19902E+07 2.21257E+07 2.22337E+07
9.88468E+06 9.95912E+06 9.91309E+06 9.84738E+06 9.90711E+06 2.21897E+07 2.23209E+07 2.24358E+07
9.92669E+06 1.00023E+07 9.95563E+06 9.88955E+06 9.94966E+06 2.16629E+07 2.1794E+07 2.18994E+07
9.86099E+06 9.93309E+06 9.88823E+06 9.82391E+06 9.88226E+06 2.15536E+07 2.16814E+07 2.17827E+07
1.00392E+07 1.01146E+07 1.00679E+07 1.00011E+07 1.00618E+07 2.20709E+07 2.22037E+07 2.23109E+07
1.00292E+07 1.01051E+07 1.00581E+07 9.99138E+06 1.0052E+07 2.19611E+07 2.20941E+07 2.22007E+07
1.00313E+07 1.01051E+07 1.00592E+07 9.99343E+06 1.0053E+07 2.21007E+07 2.22295E+07 2.23356E+07
