# Open-loop AC Monte Carlo simulation mismatch-only GBW
# N B M BN BM NN NV MV
1.02567E+07 1.02428E+07 9.77427E+06 1.02356E+07 1.00163E+07 2.19477E+07 2.1517E+07 2.21445E+07
9.89258E+06 9.97714E+06 1.02419E+07 1.00265E+07 9.69816E+06 2.14928E+07 2.23806E+07 2.17265E+07
9.68903E+06 1.00922E+07 1.0048E+07 9.79445E+06 1.0485E+07 2.14365E+07 2.29155E+07 2.1815E+07
9.56476E+06 1.00428E+07 1.00555E+07 9.57464E+06 9.90465E+06 2.24369E+07 2.23713E+07 2.17638E+07
1.00799E+07 1.0007E+07 9.86682E+06 9.73854E+06 9.84146E+06 2.08408E+07 2.20189E+07 2.18001E+07
9.54006E+06 1.01978E+07 1.01259E+07 1.02646E+07 9.93606E+06 2.16028E+07 2.31792E+07 2.16072E+07
9.5637E+06 1.00406E+07 9.78148E+06 1.02966E+07 1.03466E+07 2.18944E+07 2.26179E+07 2.13766E+07
1.02012E+07 1.03088E+07 9.72286E+06 9.33419E+06 1.00976E+07 2.13563E+07 2.22997E+07 2.2199E+07
9.98036E+06 1.00604E+07 9.51243E+06 1.0039E+07 9.49598E+06 2.29771E+07 2.15807E+07 2.19134E+07
9.80277E+06 1.03611E+07 9.78967E+06 9.8928E+06 1.0051E+07 2.16752E+07 2.20327E+07 2.20402E+07
1.00167E+07 9.90753E+06 1.04034E+07 9.97921E+06 9.51388E+06 2.22906E+07 2.26458E+07 2.22374E+07
1.01174E+07 9.54605E+06 1.00788E+07 9.9682E+06 9.739E+06 2.26747E+07 2.25163E+07 2.21975E+07
9.38363E+06 9.7706E+06 9.86128E+06 1.04545E+07 9.6939E+06 2.15983E+07 2.24163E+07 2.19254E+07
1.03121E+07 9.68678E+06 1.03072E+07 9.96544E+06 1.00035E+07 2.21328E+07 2.2684E+07 2.26981E+07
1.00157E+07 1.07038E+07 1.05873E+07 9.56882E+06 1.02967E+07 2.16875E+07 2.32133E+07 2.20244E+07
1.00249E+07 1.00263E+07 9.67699E+06 9.78554E+06 1.02633E+07 2.11878E+07 2.26736E+07 2.16888E+07
9.57472E+06 1.00524E+07 9.53704E+06 9.57458E+06 9.86178E+06 2.18757E+07 2.19492E+07 2.12655E+07
9.97163E+06 9.68025E+06 9.68012E+06 1.0448E+07 9.93796E+06 2.17095E+07 2.22209E+07 2.35954E+07
1.00761E+07 1.01353E+07 1.03105E+07 1.05218E+07 9.96674E+06 2.1376E+07 2.23104E+07 2.18942E+07
1.04508E+07 9.30976E+06 1.01856E+07 9.65515E+06 9.99008E+06 2.1517E+07 2.19968E+07 2.18851E+07
9.80971E+06 9.59825E+06 9.98819E+06 9.79281E+06 9.54115E+06 2.17575E+07 2.27196E+07 2.16052E+07
9.76853E+06 1.03812E+07 1.00194E+07 1.01649E+07 9.87025E+06 2.14637E+07 2.11917E+07 2.11483E+07
1.0002E+07 9.91603E+06 1.01579E+07 9.46805E+06 9.40369E+06 2.1927E+07 2.18693E+07 2.2225E+07
9.81919E+06 9.93343E+06 1.02445E+07 9.8664E+06 9.80568E+06 2.22011E+07 2.24789E+07 2.25201E+07
9.50397E+06 9.7541E+06 9.72631E+06 9.4077E+06 9.90731E+06 2.12367E+07 2.22286E+07 2.24487E+07
1.01984E+07 1.00978E+07 1.03232E+07 9.63103E+06 9.87531E+06 2.1364E+07 2.14551E+07 2.19102E+07
1.00794E+07 1.00788E+07 9.6324E+06 1.02169E+07 9.66828E+06 2.13612E+07 2.18434E+07 2.18953E+07
9.98026E+06 9.93236E+06 9.99745E+06 1.00786E+07 1.02057E+07 2.25237E+07 2.213E+07 2.25213E+07
9.74765E+06 1.02979E+07 9.65128E+06 9.64983E+06 9.87368E+06 2.31268E+07 2.12616E+07 2.23143E+07
9.9173E+06 1.02889E+07 1.0185E+07 9.78269E+06 1.01629E+07 2.13473E+07 2.22017E+07 2.21031E+07
9.76728E+06 9.75024E+06 9.78834E+06 9.85671E+06 9.45226E+06 2.1936E+07 2.18734E+07 2.22572E+07
9.99009E+06 1.02005E+07 9.9122E+06 1.00334E+07 9.73503E+06 2.15362E+07 2.10354E+07 2.21683E+07
9.89891E+06 9.84737E+06 9.74919E+06 1.00325E+07 1.00417E+07 2.18875E+07 2.17385E+07 2.1452E+07
1.01662E+07 9.66253E+06 1.00731E+07 9.59489E+06 9.74477E+06 2.28276E+07 2.3065E+07 2.19772E+07
1.01642E+07 1.00256E+07 1.05841E+07 1.01302E+07 1.02921E+07 2.18352E+07 2.17004E+07 2.20624E+07
9.93718E+06 9.97396E+06 1.04918E+07 1.02377E+07 9.94427E+06 2.19292E+07 2.14743E+07 2.13919E+07
1.00922E+07 9.66797E+06 9.49356E+06 9.99381E+06 9.78978E+06 2.25373E+07 2.19505E+07 2.20909E+07
9.78064E+06 1.0259E+07 9.59732E+06 1.05169E+07 9.76871E+06 2.09451E+07 2.22507E+07 2.31441E+07
9.98908E+06 1.03061E+07 9.69902E+06 1.03008E+07 1.02498E+07 2.27681E+07 2.26373E+07 2.19341E+07
9.99952E+06 1.01542E+07 1.04384E+07 9.50468E+06 9.84876E+06 2.20764E+07 2.20648E+07 2.09553E+07
9.76343E+06 1.01289E+07 9.58584E+06 9.92312E+06 9.61268E+06 2.19928E+07 2.20693E+07 2.25122E+07
1.018E+07 9.75719E+06 9.9946E+06 9.97178E+06 9.89769E+06 2.10169E+07 2.11995E+07 2.11505E+07
1.03205E+07 1.00156E+07 9.94485E+06 9.90521E+06 9.59703E+06 2.10511E+07 2.2127E+07 2.31887E+07
9.80259E+06 9.55073E+06 9.94922E+06 9.78934E+06 9.90788E+06 2.15701E+07 2.10813E+07 2.16964E+07
9.9461E+06 9.91696E+06 9.70616E+06 9.86624E+06 9.89803E+06 2.20784E+07 2.20415E+07 2.25874E+07
9.73548E+06 1.00007E+07 1.01725E+07 9.70061E+06 9.64434E+06 2.20501E+07 2.18807E+07 2.27345E+07
1.00587E+07 1.01461E+07 1.0266E+07 1.00047E+07 9.89252E+06 2.20413E+07 2.19966E+07 2.18965E+07
9.97317E+06 9.80214E+06 1.0035E+07 9.76609E+06 1.02646E+07 2.19747E+07 2.19176E+07 2.17404E+07
1.00913E+07 9.59734E+06 9.93697E+06 9.88857E+06 9.91207E+06 2.126E+07 2.24467E+07 2.21113E+07
9.79596E+06 1.00681E+07 1.00895E+07 1.00793E+07 9.62693E+06 2.10939E+07 2.04872E+07 2.12109E+07
9.99478E+06 1.00768E+07 9.75905E+06 9.80682E+06 9.71534E+06 2.23639E+07 2.17067E+07 2.23409E+07
1.00064E+07 9.98015E+06 1.02386E+07 9.74662E+06 9.47451E+06 2.16493E+07 2.25469E+07 2.23093E+07
9.96049E+06 1.01201E+07 1.02417E+07 9.71652E+06 9.38096E+06 2.13263E+07 2.16015E+07 2.19238E+07
1.00088E+07 9.82624E+06 9.91444E+06 9.58191E+06 9.451E+06 2.17668E+07 2.18264E+07 2.20936E+07
1.02377E+07 9.94434E+06 9.79496E+06 1.01167E+07 1.01117E+07 2.1473E+07 2.10888E+07 2.16847E+07
9.92628E+06 9.91063E+06 9.81072E+06 9.90198E+06 1.02834E+07 2.08809E+07 2.24474E+07 2.14012E+07
1.00781E+07 9.7236E+06 1.00995E+07 9.61595E+06 9.84826E+06 2.09646E+07 2.16851E+07 2.15391E+07
1.01554E+07 1.02361E+07 9.82923E+06 1.0293E+07 9.80379E+06 2.1813E+07 2.2708E+07 2.1313E+07
9.65703E+06 9.47021E+06 9.8291E+06 1.0048E+07 1.03354E+07 2.20358E+07 2.18835E+07 2.2717E+07
9.88352E+06 1.03567E+07 1.00449E+07 9.61736E+06 9.7191E+06 2.17387E+07 2.14686E+07 2.19899E+07
9.59922E+06 9.69079E+06 9.78094E+06 1.08104E+07 9.91049E+06 2.12975E+07 2.2025E+07 2.28759E+07
9.9832E+06 1.00922E+07 9.53987E+06 9.87917E+06 9.96617E+06 2.23937E+07 2.15892E+07 2.11098E+07
9.77208E+06 1.02192E+07 9.62516E+06 1.00485E+07 9.95877E+06 2.06522E+07 2.28479E+07 2.23322E+07
9.75376E+06 9.9307E+06 1.02048E+07 1.01123E+07 9.59263E+06 2.25417E+07 2.14225E+07 2.31916E+07
1.02509E+07 9.9056E+06 9.83382E+06 9.83472E+06 1.02428E+07 2.11832E+07 2.22079E+07 2.20568E+07
9.61727E+06 9.3871E+06 1.00684E+07 9.68814E+06 1.01819E+07 2.17665E+07 2.13775E+07 2.13277E+07
9.77564E+06 9.80507E+06 9.96296E+06 9.63413E+06 9.89618E+06 2.23412E+07 2.26477E+07 2.12135E+07
9.72076E+06 9.76387E+06 9.7787E+06 9.63699E+06 9.71734E+06 2.23872E+07 2.1917E+07 2.26619E+07
1.00492E+07 9.24142E+06 9.52976E+06 1.02075E+07 9.91108E+06 2.22164E+07 2.16456E+07 2.22074E+07
1.01053E+07 9.64122E+06 1.0121E+07 9.98746E+06 9.25658E+06 2.14449E+07 2.17671E+07 2.12989E+07
9.55138E+06 9.59878E+06 1.01533E+07 9.74071E+06 9.7784E+06 2.26735E+07 2.17534E+07 2.19681E+07
9.60688E+06 9.32264E+06 9.67374E+06 9.94041E+06 1.00134E+07 2.10835E+07 2.16992E+07 2.17882E+07
9.96754E+06 1.01196E+07 9.6896E+06 9.76247E+06 1.03127E+07 2.18931E+07 2.12485E+07 2.3018E+07
9.99554E+06 9.47547E+06 1.02938E+07 9.91084E+06 9.98848E+06 2.0907E+07 2.20722E+07 2.19695E+07
1.01637E+07 1.02085E+07 1.00614E+07 9.33418E+06 9.90426E+06 2.14143E+07 2.25393E+07 2.21622E+07
1.02719E+07 9.67155E+06 1.02306E+07 9.75443E+06 9.9794E+06 2.16869E+07 2.07824E+07 2.26595E+07
9.83958E+06 1.05263E+07 1.00021E+07 9.96861E+06 9.84562E+06 2.16377E+07 2.21136E+07 2.24197E+07
9.85385E+06 9.74862E+06 1.02076E+07 1.01591E+07 1.01292E+07 2.16064E+07 2.21031E+07 2.1448E+07
9.7515E+06 9.83847E+06 9.57687E+06 9.71856E+06 1.01728E+07 2.1411E+07 2.17822E+07 2.24975E+07
9.72438E+06 9.66264E+06 9.79699E+06 9.73303E+06 9.70491E+06 2.24769E+07 2.08041E+07 2.23368E+07
1.00374E+07 1.00414E+07 1.01722E+07 1.00931E+07 9.65472E+06 2.19873E+07 2.13262E+07 2.24453E+07
9.79014E+06 9.51197E+06 9.98226E+06 1.01322E+07 1.03751E+07 2.27587E+07 2.26225E+07 2.27057E+07
9.97005E+06 9.47324E+06 9.85421E+06 9.43351E+06 9.60405E+06 2.22948E+07 2.18316E+07 2.06705E+07
9.88702E+06 1.01806E+07 9.97547E+06 9.7691E+06 9.71785E+06 2.24697E+07 2.11774E+07 2.26591E+07
9.68641E+06 9.61193E+06 9.57296E+06 1.00736E+07 9.94043E+06 2.15832E+07 2.21405E+07 2.23843E+07
1.00906E+07 9.86119E+06 9.77847E+06 1.00321E+07 9.60319E+06 2.19145E+07 2.21488E+07 2.14828E+07
9.83891E+06 9.64013E+06 9.83392E+06 9.63622E+06 1.01436E+07 2.01633E+07 2.15898E+07 2.18965E+07
9.59357E+06 9.83083E+06 1.00764E+07 9.96555E+06 9.81452E+06 2.29296E+07 2.15276E+07 2.24089E+07
9.96409E+06 1.00705E+07 9.68181E+06 9.79174E+06 9.75909E+06 2.07767E+07 2.23885E+07 2.22094E+07
9.73843E+06 9.68137E+06 9.79596E+06 9.89784E+06 1.02348E+07 2.07379E+07 2.17463E+07 2.19448E+07
1.04105E+07 9.11729E+06 1.0044E+07 9.71426E+06 9.7634E+06 2.23924E+07 2.1801E+07 2.1454E+07
9.86937E+06 9.77635E+06 9.77702E+06 9.49558E+06 1.0154E+07 2.20514E+07 2.15933E+07 2.19895E+07
9.76439E+06 1.03506E+07 1.00635E+07 9.81798E+06 9.76132E+06 2.22542E+07 2.1528E+07 2.1733E+07
9.36254E+06 9.89329E+06 9.98661E+06 1.00892E+07 1.01133E+07 2.15131E+07 2.16756E+07 2.20091E+07
9.63958E+06 9.52616E+06 1.00511E+07 9.76356E+06 9.77088E+06 2.16203E+07 2.15518E+07 2.23787E+07
9.76272E+06 1.06904E+07 9.90078E+06 9.43593E+06 1.00948E+07 2.17097E+07 2.25749E+07 2.22076E+07
9.81775E+06 1.00411E+07 1.01566E+07 9.92023E+06 9.58874E+06 2.22512E+07 2.21288E+07 2.24878E+07
1.02114E+07 9.99944E+06 9.9153E+06 9.64314E+06 1.01563E+07 2.08904E+07 2.19768E+07 2.13956E+07
1.00303E+07 1.00114E+07 9.59517E+06 1.01861E+07 9.64607E+06 2.21488E+07 2.20031E+07 2.22842E+07
9.60546E+06 9.79592E+06 1.0001E+07 1.01194E+07 1.00651E+07 2.2567E+07 2.20224E+07 2.28099E+07
