# Open-loop AC Monte Carlo simulation mismatch-only input voltage offset
# N B M BN BM NN NV MV
0.00469361 0.00285195 0.00462775 0.00681626 -0.00252171 0.00338231 0.00168515 -0.00334819
-0.00612635 -0.00391567 0.000879376 -0.00421515 -0.00614309 -0.0014184 0.00464325 -0.00202767
0.000440342 -0.00277885 0.000737081 -0.00139114 0.000620003 -0.00220355 0.00104634 0.000720969
0.00359768 -0.00823254 0.000937329 -0.000222794 -0.00441195 0.00156654 -0.000969446 -5.21374E-05
0.0050773 -0.000556258 0.000498934 0.00333397 0.00428105 -0.0010327 0.00317748 -0.000472487
-0.0030924 -0.000145723 -0.00424953 -0.00233457 0.000142196 -0.00461723 -0.00398536 0.000985802
0.00324594 0.003053 0.00101849 0.00120102 0.000633511 -0.00271801 0.00163592 0.00242451
0.00383437 0.00214552 -0.00228819 -0.00281922 0.00215862 -8.71452E-05 0.00627547 -0.00226237
0.0016402 -9.2013E-05 -0.000858437 0.00437926 0.00331716 0.000898759 0.0036463 0.00439461
-0.00345627 -0.00262276 0.000605603 0.00911824 0.00132269 0.000579417 -0.00271381 -0.000958345
0.00134056 0.000756534 -0.00382033 -0.00462257 0.00173936 0.00104408 0.00299936 0.00117177
0.00117614 0.00390222 -0.000782991 0.00200747 0.000907003 -0.00297362 -0.002638 0.00535285
0.00143429 0.00333963 0.000416118 -0.00180522 0.00490266 -0.00264898 0.000518695 -0.000402141
-0.00452395 -0.00180758 0.00106961 0.000830717 -0.00237449 -0.00567768 -0.0036223 0.00170715
0.000787067 -0.00479296 0.000480697 0.0032349 -0.00475216 0.00126204 0.00123218 -0.00243548
0.00169985 -0.00382628 0.00085369 -0.00272012 -0.00193965 0.000762375 -0.00135725 0.000908264
-0.00356878 -0.00054311 0.00583769 0.00720758 0.00174703 -0.00196753 0.0016616 0.00185193
-0.00200339 -0.00214574 -0.000273481 0.00448275 -0.00463834 -0.000876465 -0.00733025 -0.000484402
-0.00212551 -0.00545814 -0.0030082 -0.00483335 0.00303794 -0.00331866 0.000152815 0.00551924
0.0016178 -0.00207724 0.00511708 -0.00551981 0.00606957 -0.00427478 -0.00169336 -0.000902057
0.00466222 -0.00123742 -0.00212111 -0.00229035 0.000246484 0.00271921 -0.000104959 -0.00502298
0.00119301 -0.00267437 -0.00540217 0.00224221 -0.00198748 -0.00396345 -0.00630431 0.00179671
0.000647587 0.00358215 -0.000938314 -0.00396053 0.000372426 -0.00129414 -0.00209428 0.000333557
0.00140408 0.000186898 0.00227062 0.000998159 -0.0021032 0.00146929 -0.00261695 0.00109317
0.00124855 -0.000632861 -0.000737806 0.00448867 0.0024269 -0.000976773 0.00376007 -0.000373772
0.00200453 0.00163184 0.000612253 0.00385082 -0.000100858 -0.00353342 -0.000296185 0.00279153
0.00142031 -0.00508602 -0.00314727 -0.000925053 -0.00512172 0.00130666 -0.00206901 0.000446297
-0.00142907 0.0042064 0.00222755 -0.00268927 -0.0015056 -0.00105211 -0.00122646 0.00224946
-0.00627483 -0.00138154 -0.00476598 0.00549791 0.0020451 0.0033387 -1.63679E-05 0.00396705
0.00202932 -0.00147306 -0.00287553 0.000904388 0.00371585 0.00228523 0.00173843 0.00424265
0.00271792 -0.000757155 -0.00256623 -0.0035571 0.00359705 0.00369973 0.00432895 0.00319911
-0.00152739 0.00288793 -0.00559476 0.00255946 0.000471829 -0.00153136 0.00465882 -0.000869379
-0.00255941 0.00143891 0.00020872 0.00257595 -0.000576653 -0.00301474 -0.00452482 0.00253744
-0.00235334 0.000411346 -0.00473446 -0.00448361 -0.000209348 -4.10093E-05 -0.000230938 0.0070079
-0.00234615 0.00225384 0.00502549 -0.000380171 0.00100815 -0.00127533 0.00368475 0.00116861
-0.00453824 0.00203588 0.00191801 0.0056926 0.00123028 -0.00160157 -8.20207E-05 0.00186081
0.0025657 -0.00576056 0.0016327 0.00329368 0.00355358 0.000272286 0.0019379 0.00216655
-0.00695518 -0.0030705 -0.00173732 0.000305106 -0.00163589 -0.0052609 -0.00413203 -0.00211795
0.000513125 -0.000325282 0.00188228 0.00741895 0.00191534 0.00154808 0.00668744 0.000604847
0.000706249 0.00285103 -0.00323732 0.000630541 0.00124505 -0.00114124 -0.00145057 0.0026419
0.00374091 0.00148596 -0.00640463 -0.00989902 -0.000373897 0.00263289 -0.00379771 0.00269385
0.00206535 -0.00337679 -0.00375254 0.000708806 0.000223355 -0.000776194 -0.00893942 0.000744483
-0.00229589 -0.00190001 -0.00149621 -0.00110084 0.00296738 0.00139401 0.000952081 0.00406715
-0.00528581 0.0019037 0.00170872 0.0080843 -0.00189842 0.00516736 0.00112676 0.00559882
0.00170093 0.00379896 -0.00563183 -0.00378919 0.000104915 -0.00146686 0.00336997 -0.000853861
0.00220284 0.00288241 0.00280667 -0.00137707 0.000128958 -0.0036711 0.0054054 -0.000436117
0.0023411 -0.000183495 -0.0025739 -0.00541046 -0.00101969 -0.00552497 0.0116779 -0.00221367
-0.00411569 0.0016461 0.00086018 0.00401237 0.00351846 -0.00184035 -0.000281394 0.00427309
0.00381829 0.0035979 -0.00106408 0.00631535 0.00101014 0.00125232 0.00519742 0.000457517
-0.0022555 0.00464575 0.000507541 -0.00564813 -0.00112573 -0.00229102 -0.00125331 0.0044956
0.00114471 0.00344575 -0.00252293 0.00347549 -0.00165185 0.00101833 0.00182454 0.00143038
0.00245554 0.00340172 0.00200544 -0.00398116 0.000141921 -0.000307001 0.00181933 0.00883332
0.00499878 0.0014242 0.000231894 -0.00191542 -0.000992034 -0.00270112 0.00311263 -0.00115785
0.00150702 -2.73833E-05 -2.6987E-05 -0.0039967 -0.00130884 0.00133642 -0.000686783 0.00138894
-0.000329672 0.00246801 0.00089477 -0.00312848 0.00011265 -0.00413145 -0.00224156 0.000198907
0.00506357 0.00130339 0.00289507 -0.000749254 -0.00103081 0.00243947 -0.00534093 -0.00192985
-0.001323 -0.000914163 -0.00517637 -0.00820076 0.00520366 0.00223881 -0.0023999 -0.00380283
-0.000984063 -0.00104127 -0.00639589 0.00197642 0.00217526 -0.000770201 -0.00360911 -0.00231883
-0.002217 0.00150862 -0.000449404 0.00338558 -0.000732794 -0.00231691 0.00155492 -0.00228633
-0.00133065 0.00372932 0.00519957 0.0028121 0.000763959 0.00437608 -0.00194762 -0.00107781
0.00318094 -4.95422E-05 0.00119152 0.0023011 0.000875098 -0.000873668 -0.00500716 0.000860328
0.0010778 0.00333297 -0.005675 0.0011273 0.00324254 0.00181566 0.00519114 0.0021177
-0.00389312 -0.00169026 0.00251838 0.00374066 0.0012573 -0.00134197 0.000679593 -0.00407802
0.00334981 0.00337181 0.00243605 -0.00354375 0.00252478 0.00476462 0.0022249 -0.00400021
0.00460928 -0.00585658 0.000957571 0.00782109 -0.00310334 0.00141939 -0.00134492 -0.00316408
0.000353457 -0.00654297 -0.00158279 0.00230091 0.00322617 0.000186638 0.000790773 0.000350437
-0.00307765 0.00377742 -0.00610178 0.00301412 0.000148161 -0.00125406 0.000454449 0.000339251
0.00359986 0.00684693 -0.000148996 -0.00215474 -0.00158351 0.00254745 0.00100417 0.00530567
-0.00062444 -0.00170493 -0.00253284 -0.00160013 -0.00312439 -0.000848544 -0.00495669 0.00075034
-0.00124645 0.0008342 -0.00404261 -0.00188665 -0.00513764 0.00528673 -0.00783056 -0.00200966
0.00222063 0.0057149 0.00224265 -0.00250561 -0.00498224 0.00455764 0.0010354 -0.00325365
-0.00479379 -0.00260608 -0.00344192 -0.00503561 9.59879E-05 -0.00310388 0.00466148 -0.00105172
0.00390597 0.00321832 -0.00193292 0.000986149 0.00309095 0.00119873 -0.000209628 0.00119527
0.00139896 0.00329495 -0.00122471 0.00510413 -0.00308472 0.00233937 0.00148191 -0.00118363
-0.00123403 -0.00647647 0.00390064 0.00504452 0.00092075 -0.00152567 -0.00623028 0.00234145
-0.00412697 -0.00434189 0.00331743 0.000363939 0.00373308 -0.000101747 0.00273059 -0.00217066
0.00237546 0.00277115 0.00252605 -0.00565317 -0.00200979 0.00267997 -0.00234079 -0.00102323
-0.00174009 0.00226582 -0.00181593 0.00315479 -0.00434554 0.000262188 -0.00416839 -0.00396248
-0.00134084 0.000863985 -0.00340179 0.00713583 0.00170524 -9.90205E-05 0.00154892 -0.000236902
-0.00331775 -0.002 0.00027999 -0.00138417 -0.00221501 0.00199835 -0.00664173 0.00149113
0.00190796 0.00120229 0.00261477 0.00269556 -0.00323963 -0.00128005 0.00121839 -0.00730235
0.000491394 -0.00283866 -0.000211707 -0.00634736 0.00517937 0.00205206 -0.00142419 -0.000683211
0.00196592 0.0040046 -0.000326172 0.00376647 -0.00330787 0.00135775 -0.0015176 -0.000532731
-0.00345316 0.00263785 0.00157126 -0.00873561 0.00203061 0.00117927 0.00633364 0.00342141
-0.00113945 -0.00143312 0.00766715 0.00128697 -0.000782312 0.00186315 0.00132098 -0.00343153
-0.00140008 0.00327957 -0.00677759 -0.00147634 -0.00112038 0.0017242 0.00661946 0.00391152
-0.00290217 0.000413406 -0.00180536 -0.000619755 0.00299155 -0.00482717 0.00635424 0.00139372
0.000244056 0.00353487 -0.00198809 -0.0023523 0.000958292 0.00126267 0.00298692 0.0058388
0.00304072 -0.000336192 -0.00427823 -0.00696392 0.00262283 0.000289126 -0.00151409 -0.00318516
-0.00225736 -0.000587002 -0.00399331 0.00131413 -0.00202308 0.000322639 0.00444288 0.00233229
-0.000158416 -0.00369984 0.00151409 0.00450189 0.000588163 -0.00226065 -0.003541 0.00342725
0.00252503 0.000278595 -0.00261672 0.0031157 0.00441463 -0.000746401 0.0029907 -0.00383462
0.00609642 -0.000293637 -0.00141418 -0.00378345 0.00126409 -0.00088112 0.000388015 0.00197833
0.00276489 -0.00193969 0.00148582 -0.000802936 -0.00301483 0.00123703 0.00299133 -0.00215439
0.00180226 0.00450256 0.00424221 0.00395378 -0.00122729 -0.00414845 0.00136306 -0.00554751
0.00209387 0.00478761 0.000321599 -0.000528 -0.00417249 -0.00247207 0.00608527 -0.00135147
-0.00479217 0.00246569 7.51556E-05 -0.00260904 0.00338135 0.000616263 -0.00192689 0.00133333
0.0042668 -0.00178355 -0.00325686 0.00355271 -0.0025663 0.00244209 -0.00117693 0.00319421
-0.000146599 -0.000707264 0.000662295 -0.00473223 -0.00159195 -0.0016624 0.000103782 0.00433938
0.00172907 0.00533266 0.00366856 -0.00441846 -0.00516764 0.000217252 -0.0012777 0.00440945
