# Open-loop AC Monte Carlo simulation mismatch-only input voltage offset
# N B M BN BM NN NV MV
-0.000859962 -0.0012946 7.82208E-05 0.000803345 0.000240249 -0.00234884 0.00083439 0.00242936
-0.00149358 -0.000127269 -0.000157244 -0.000625928 -0.000847551 0.00605055 0.0041595 0.00259404
-0.00286927 -0.00368389 0.00112467 -0.00329059 -0.00195838 0.00141621 0.00660028 0.000343409
-0.000198906 0.000638501 0.00427475 -0.00402774 0.000160186 0.000540438 0.00392388 -0.000234388
-0.00287189 -0.00117195 0.00268056 -0.000531503 0.00452308 0.00069023 -0.000624293 0.00657433
-0.00390085 0.00350226 -0.00360242 -0.00330912 -0.00188453 0.0107248 -0.000601226 0.00592469
0.00150574 0.00125378 0.000808726 0.000261346 0.00216756 -0.00457558 0.000762358 0.000524587
-0.000267478 -0.00177553 0.00439531 -2.27166E-05 -0.00190299 0.000198319 0.00621813 -0.000455926
-0.00187309 0.00594485 -0.00153505 0.00195219 0.00165928 0.00529688 0.00325047 -0.00101072
-0.0022333 0.00198687 -0.0015166 0.000468504 0.000880706 0.00324089 0.0021198 -0.00493183
-0.00475599 -0.00415863 -0.0012257 -0.00238688 0.00221953 0.0013036 -0.00193237 0.00610392
0.000784656 -0.00438249 0.00284943 0.0032384 0.0029034 0.000773709 -0.00416753 -0.00349059
0.000414489 0.00178625 -0.00201439 -0.00421651 0.00411027 0.000972078 0.00194425 0.00582659
0.000375623 -0.00296945 0.00170346 0.000777651 0.00318907 -0.00090052 0.00183752 0.00174085
-0.00461641 -0.000317692 0.00084968 0.00194971 0.00221546 -0.00387922 -0.00687257 -0.00201962
0.000354401 0.00712403 -0.00189585 0.00536995 0.000556652 -0.00624891 -0.00177264 0.00256653
0.00167134 -0.000519239 -0.00500693 0.00154291 -0.000859726 -0.0011253 -0.000276473 0.00453716
0.0027745 -0.000556417 0.00257295 0.00454125 0.00559746 -0.000179313 -0.00324938 0.00197805
0.00116253 -0.00437726 0.00229064 -0.00244991 -0.00349394 -0.00429194 0.000378135 -0.0022482
-0.000813172 -0.00150261 0.00116039 -0.00420234 0.00199428 -0.00174847 -0.00335895 -0.00314937
0.00218255 7.88622E-05 0.000495302 -0.0059784 0.00389698 0.00353747 -0.00519387 0.00520293
-0.00122819 -0.000843044 -0.000401947 -0.000913538 -0.00247877 -0.00290611 -0.00359396 0.000706347
0.00327291 0.00492659 -0.0039816 -0.00678184 0.000402631 0.000210729 0.00572202 0.00216534
-0.00319208 -0.000644909 0.0012676 -0.00086902 -0.00644047 0.0066296 -0.00403618 -0.000597605
-0.00165354 0.00184873 -0.00100764 -0.00359598 0.000819418 -0.00354553 0.00296585 0.00294691
0.0015658 -0.00124291 -0.000999823 -0.000757669 -0.00572614 0.00336201 0.00139876 0.0053474
-0.00241339 -0.000223059 -0.00261293 -0.00253028 -0.00198997 -0.00202148 -0.00232929 0.00163827
0.00617733 -0.00437091 -0.00516024 -0.00188219 0.00258165 0.0030826 -0.00856388 -0.00107726
9.98378E-05 -0.000959966 -0.000178315 -0.00473203 -0.00272676 -0.00234587 -0.00483934 -0.00220443
-0.00305558 -0.00202565 -0.00275561 -0.00362989 0.00264566 -0.00133838 0.00687386 0.00314548
-0.00272799 0.00268398 -0.00361012 -0.00176678 0.0019138 0.00217388 0.00285403 -2.85711E-05
-0.000874401 0.000301262 -0.00255851 -0.00313586 -0.00166522 0.00489833 0.00295766 -0.00135282
0.00588774 0.00181105 0.00527063 8.60978E-06 -0.00254177 0.00679721 0.000547891 0.00425045
0.00183535 0.00472863 0.00161874 0.00170845 -0.00102509 0.00336701 -0.000230575 0.00372568
-0.00176109 -0.00166008 -0.00340451 0.000677449 0.000118052 0.000295859 -0.00284827 -0.00081515
-0.00409544 -0.00311206 -0.00308462 -0.00690165 -0.00140255 0.00210827 -0.000143287 0.0021851
0.00122358 -0.000885574 -0.00177569 -0.00339177 -0.000327146 0.00160707 -0.00445469 0.000705968
-0.00248361 -0.00122311 0.00471581 0.000827377 0.00299093 0.00208976 -0.000997492 0.000621482
0.00211858 0.000797082 0.00324532 -0.00247088 0.0021858 -0.00257862 -0.000223865 -0.00199817
-0.00351885 0.00104859 -0.0018057 0.00427535 -0.000651672 -0.00240511 -0.000142703 -0.00419001
-0.00437918 0.00679014 -0.000709429 0.00630871 -0.00482503 0.000257846 0.00401728 -7.75871E-05
0.00888593 -0.00252537 0.00374803 0.00575846 0.00311389 -0.00511277 -0.000602064 0.00489645
-0.00630593 -0.00320956 0.00458302 -0.00173038 -0.00258494 -0.00220363 0.00124345 -0.00288332
-0.000921864 0.00104481 -0.0021644 -0.00692837 -2.78473E-05 -0.000176479 0.00476969 -0.00233627
-0.00155307 -0.000719798 0.000424501 -0.000836044 0.00367179 -0.000340965 0.000713299 0.000272608
-0.00134629 -0.00529926 -0.000497857 -0.00153108 0.0010966 0.00138578 -0.000737443 -0.000451778
0.00328714 -0.000807976 -2.33138E-05 0.0081724 0.000516768 -0.000899939 -0.00223373 0.00132229
-0.00645894 -0.00569249 -0.00279198 0.00601118 0.00347428 -0.00177813 -0.00428436 0.0008778
-0.00378936 -0.000313176 0.00309841 0.00310724 -0.000927333 -0.000856204 0.00604527 0.000978887
-0.00281231 -0.00232458 -0.0013855 0.000180723 -0.00228214 0.00329548 0.00617074 -0.00131758
-0.00198053 -0.000161534 0.000145403 -0.00455264 0.000130439 -0.00588657 -0.000937131 0.00156523
0.00141565 0.00497272 0.00412361 0.00317027 0.00386994 -0.00788804 -0.000998568 0.00342829
-0.00511134 0.00182896 0.00228121 -0.000198849 0.0064668 0.00339019 -0.000863056 -0.000988896
0.000778278 0.00205481 -0.0026423 0.00178482 0.00380398 -0.00178101 -0.00502697 -0.00830627
0.00132224 -0.00150634 -0.00108161 0.00223793 -0.00299028 0.000570952 -0.00585756 0.00157986
-0.000228851 0.00368634 0.00729831 0.000669581 0.00281599 -0.00536787 0.00332378 0.00102723
0.00261615 0.00232916 0.0038393 6.90332E-07 -0.00321499 0.00472923 -0.00119574 0.00123736
0.00269081 0.00601256 0.00590288 0.00413659 0.00142741 -0.00062081 -0.00525629 0.000311027
0.00403193 0.00252915 -0.00492871 0.0024677 0.00155696 -0.0014067 -0.00494926 0.00577749
-0.00106903 -0.000718729 -0.0033566 0.00152686 -0.00172805 -0.00359908 0.00697558 0.00281891
-0.00200473 -0.00184496 0.000440035 -0.000868156 0.00113608 0.00312182 -0.00128704 0.000906021
-0.00265461 -0.00321781 0.00323887 0.00299403 0.00100063 -0.00367068 0.00494544 -0.00203252
0.00596008 0.0033078 -0.00358284 -0.00549685 -0.00162641 -0.000219018 0.00049987 -0.00458119
0.00518092 0.00291088 0.000517394 -0.00804801 -0.00144148 3.42337E-05 0.000767991 0.00193766
0.00363413 -0.00206384 -0.00210303 0.00715077 0.00140949 -0.00350694 0.00410266 -0.000108184
0.00202848 -0.00519115 -0.00121649 -0.00774724 0.00148755 0.000602149 -0.00143151 0.00431484
-0.00314577 -0.00477214 0.00128848 0.000882188 0.00434041 0.00197144 -0.00231711 -0.00302643
-0.000918148 0.000746994 0.00724096 -0.000817441 -0.00187894 0.000841549 0.000962547 -0.0036323
0.00348237 0.00400243 -0.000972096 -0.000348162 -0.00190737 0.0022797 0.00337401 -0.00133046
0.00139876 -0.00288412 -0.00421181 -0.00436183 -0.00205112 -0.00341939 -0.00501221 0.00373336
-0.00287795 0.00280488 0.000145737 0.00015407 0.00109373 -0.00187713 0.000137473 -0.00200125
0.0005623 0.000834247 -0.000758872 0.000445588 0.00246681 0.00160828 0.00469616 0.0020471
-0.00314369 -0.00481116 -0.00281691 -0.00501555 -0.00490052 -0.000637442 0.00556876 -0.00363469
-0.00347525 0.00125363 -0.000261773 0.00108998 0.000111606 0.00223902 -0.00338245 0.00274533
-0.00112333 -0.000996843 -0.00266057 -0.000326499 -5.58837E-05 -0.00233256 0.00328336 -0.00205076
0.00156241 0.000170494 0.000369232 -0.001314 0.0027702 -0.00166771 0.00756296 -0.00125122
-0.00368042 0.00108969 -0.00865682 0.000462557 -0.00618127 0.00701895 0.000415763 -0.00753424
-0.00380673 0.00893939 0.000405238 0.00091392 -0.000409643 -0.00314269 0.00339234 -0.00298345
-0.00338619 -6.24712E-05 -0.00127246 0.00501492 -0.00199545 -0.00637011 0.000869918 -0.000510324
0.00335773 0.00316508 0.00233258 -0.00490421 0.00213861 0.000193667 0.00351808 -0.000694991
0.00152653 0.00241936 -0.0011421 0.00155956 -0.00113887 0.000323216 0.00326906 0.00102239
-0.00100942 0.000115087 3.57356E-05 0.00354728 0.00142983 0.00319517 -0.0042785 0.000121733
-0.00169831 0.00424643 -0.00210862 -0.00189891 -0.000851525 0.00153696 -0.00115024 -0.000727094
0.00200467 0.00176449 -0.000335725 -0.00100145 0.000307331 0.00176683 -0.000474884 0.00439574
-0.000866171 -0.00239306 -0.000956657 -0.00535605 -0.00264686 -0.0010364 -0.00214288 0.00113582
7.59808E-05 -0.000453866 7.85245E-05 0.0034314 -0.000463442 0.000428651 -0.00141922 -0.00029907
0.00129954 0.00129653 0.00507575 -0.00231795 -0.00158887 0.00303393 0.00732241 0.00116075
-0.00169522 0.00367279 -0.00324225 0.00664368 -0.00232296 0.000289713 0.00479645 -0.000302396
-0.00359704 0.00101244 -0.00277694 -0.00606481 0.000641559 0.00387065 -0.000363696 0.000392307
0.000947755 -0.00260376 -0.00298414 0.00303566 -0.00377314 0.000813409 -0.00299791 0.00195726
-0.000373009 0.00395941 -0.00016197 0.00170298 -0.000616913 -0.0016921 -0.00163122 -0.00680288
-0.00256281 -0.00110964 -0.00261178 -0.00534823 0.00534793 -0.00135357 -0.00556881 0.00138722
0.00062328 0.00153307 -0.00350163 -0.0046351 0.00415575 0.00120762 -0.0035345 0.00186485
-0.00108497 0.00505851 -7.1141E-05 0.00406129 0.00169781 -0.0016189 -0.00414804 -0.00137431
-0.00382443 -0.00539593 0.00740663 0.00625369 -0.00271841 0.00183806 -0.000770885 -0.00345134
0.000966541 -0.00195767 0.00087669 0.000427379 0.00123669 0.00238635 -0.00091218 0.00383642
0.00217996 -0.00271269 -0.00264691 0.00479955 -0.000513165 1.63175E-05 -0.000632829 0.00213568
-0.0001598 0.00135125 0.00277587 -0.00172634 0.000614486 0.00288938 0.000961412 -0.00539824
-0.000111732 0.00310701 -0.00508323 -0.00253729 -0.000853961 -0.00386997 0.00757404 -0.000577434
-0.00559554 -0.00125877 -0.000401611 0.00123267 0.00472458 -0.00447509 -0.00132645 0.00199826
