# Open-loop AC Monte Carlo simulation mismatch-only GBW
# N B M BN BM NN NV MV
9.96122E+06 9.82435E+06 1.00485E+07 9.92458E+06 9.93359E+06 2.14632E+07 2.1249E+07 2.28555E+07
1.00824E+07 1.00026E+07 1.00722E+07 9.96963E+06 1.00869E+07 2.23379E+07 2.20824E+07 2.26005E+07
1.0423E+07 1.0103E+07 1.04123E+07 1.00511E+07 1.01839E+07 2.12513E+07 2.18716E+07 2.28872E+07
1.00912E+07 1.00144E+07 9.81183E+06 9.79588E+06 1.02909E+07 2.13514E+07 2.29736E+07 2.1757E+07
9.88521E+06 9.67961E+06 9.85523E+06 1.00324E+07 1.0059E+07 2.21566E+07 2.27267E+07 2.17715E+07
1.00998E+07 1.03522E+07 9.76315E+06 1.01247E+07 9.89418E+06 2.12429E+07 2.21187E+07 2.25922E+07
1.00684E+07 1.03138E+07 1.02702E+07 1.01384E+07 9.92164E+06 2.22309E+07 2.14145E+07 2.24272E+07
1.01469E+07 1.00269E+07 1.02035E+07 1.00028E+07 1.01075E+07 2.26845E+07 2.20064E+07 2.26426E+07
1.01309E+07 9.87039E+06 1.02058E+07 9.88068E+06 1.03532E+07 2.25698E+07 2.28539E+07 2.2122E+07
9.8342E+06 1.0039E+07 1.01334E+07 1.03306E+07 1.00968E+07 2.23116E+07 2.19636E+07 2.23225E+07
9.8874E+06 1.01231E+07 1.02307E+07 9.99013E+06 1.04034E+07 2.18178E+07 2.31652E+07 2.20859E+07
1.01927E+07 1.00938E+07 9.86405E+06 1.00676E+07 9.85486E+06 2.27232E+07 2.24918E+07 2.15686E+07
1.02802E+07 1.02283E+07 1.03564E+07 1.00142E+07 1.02487E+07 2.29452E+07 2.24204E+07 2.28867E+07
1.00773E+07 1.0044E+07 1.0185E+07 1.01607E+07 9.95375E+06 2.22835E+07 2.20865E+07 2.15164E+07
9.92767E+06 1.00906E+07 9.98899E+06 9.88568E+06 1.01155E+07 2.22803E+07 2.19504E+07 2.22815E+07
1.05708E+07 1.01884E+07 1.02006E+07 1.00273E+07 9.97583E+06 2.18125E+07 2.25198E+07 2.18138E+07
1.007E+07 1.00192E+07 1.02115E+07 9.98204E+06 1.00658E+07 2.28576E+07 2.21104E+07 2.2568E+07
9.99638E+06 9.95111E+06 9.62725E+06 9.94791E+06 1.00597E+07 2.20626E+07 2.3084E+07 2.22385E+07
1.03295E+07 9.32715E+06 1.01617E+07 1.0154E+07 1.01302E+07 2.14232E+07 2.1981E+07 2.15208E+07
1.03116E+07 9.88376E+06 1.03536E+07 1.01335E+07 1.03224E+07 2.16063E+07 2.22396E+07 2.2842E+07
1.00865E+07 9.46271E+06 9.76142E+06 1.0183E+07 1.03586E+07 2.15807E+07 2.22569E+07 2.21285E+07
9.76942E+06 1.06728E+07 1.00711E+07 1.03085E+07 1.02006E+07 2.24226E+07 2.26416E+07 2.32293E+07
1.011E+07 9.8622E+06 1.01114E+07 1.00156E+07 1.06118E+07 2.18024E+07 2.29668E+07 2.21967E+07
1.03083E+07 1.04582E+07 1.05682E+07 1.00675E+07 1.01012E+07 2.26009E+07 2.25438E+07 2.28954E+07
1.0206E+07 1.00172E+07 9.7302E+06 1.0215E+07 1.01745E+07 2.2147E+07 2.14564E+07 2.26974E+07
9.65855E+06 1.0091E+07 9.67559E+06 9.52287E+06 9.98281E+06 2.27562E+07 2.20981E+07 2.21375E+07
1.0151E+07 9.68125E+06 1.00598E+07 1.01147E+07 1.00478E+07 2.08149E+07 2.214E+07 2.21269E+07
9.887E+06 9.96048E+06 1.04787E+07 1.0455E+07 1.0021E+07 2.20057E+07 2.20587E+07 2.26927E+07
1.00788E+07 9.98735E+06 1.00364E+07 9.93821E+06 1.02041E+07 2.08856E+07 2.15638E+07 2.23596E+07
9.83739E+06 1.02807E+07 1.01266E+07 1.02049E+07 1.00185E+07 2.22845E+07 2.22505E+07 2.27855E+07
9.49382E+06 1.00889E+07 9.85574E+06 9.98627E+06 1.04688E+07 2.19978E+07 2.28972E+07 2.22932E+07
1.03102E+07 9.55211E+06 1.02621E+07 1.01094E+07 1.03719E+07 2.09724E+07 2.20517E+07 2.24434E+07
1.00142E+07 1.03766E+07 1.03073E+07 1.05668E+07 9.8731E+06 2.13449E+07 2.19796E+07 2.22377E+07
9.89906E+06 1.00753E+07 9.80084E+06 1.02697E+07 1.03721E+07 2.19463E+07 2.26754E+07 2.18696E+07
1.00326E+07 1.03843E+07 1.00909E+07 1.01053E+07 9.98498E+06 2.23723E+07 2.19286E+07 2.24122E+07
1.01536E+07 1.00882E+07 1.03274E+07 1.01118E+07 9.69846E+06 2.18244E+07 2.30256E+07 2.25156E+07
9.93244E+06 9.92661E+06 9.85824E+06 9.80901E+06 1.00683E+07 2.17908E+07 2.25965E+07 2.36422E+07
9.54467E+06 1.04533E+07 1.03247E+07 1.01667E+07 1.00944E+07 2.14842E+07 2.20989E+07 2.24412E+07
9.86383E+06 1.00914E+07 1.03214E+07 1.00181E+07 1.01101E+07 2.19893E+07 2.19575E+07 2.21523E+07
1.00118E+07 1.0071E+07 1.01434E+07 1.00305E+07 1.02559E+07 2.26135E+07 2.1905E+07 2.27591E+07
1.0236E+07 1.02282E+07 1.0123E+07 1.00633E+07 1.01533E+07 2.19675E+07 2.23148E+07 2.24197E+07
9.99173E+06 1.01916E+07 1.00285E+07 9.91784E+06 1.01422E+07 2.23704E+07 2.09626E+07 2.1693E+07
1.01044E+07 9.86763E+06 9.84455E+06 9.51461E+06 1.01378E+07 2.23186E+07 2.13913E+07 2.31893E+07
1.03898E+07 1.0011E+07 1.03258E+07 1.01859E+07 1.02718E+07 2.22083E+07 2.22328E+07 2.2817E+07
9.59274E+06 9.9043E+06 9.85643E+06 1.02424E+07 1.00725E+07 2.20866E+07 2.2267E+07 2.17435E+07
1.01852E+07 1.02674E+07 9.82848E+06 9.79624E+06 1.02828E+07 2.24963E+07 2.1506E+07 2.19895E+07
9.7944E+06 1.00678E+07 1.01637E+07 9.41664E+06 1.0264E+07 2.28929E+07 2.26722E+07 2.20462E+07
9.60513E+06 9.79098E+06 1.05001E+07 9.92437E+06 1.0153E+07 2.2224E+07 2.24673E+07 2.21438E+07
9.91775E+06 9.78632E+06 1.00235E+07 1.00823E+07 9.71004E+06 2.2669E+07 2.22239E+07 2.24881E+07
9.90464E+06 1.01166E+07 9.75207E+06 1.00646E+07 9.88942E+06 2.14677E+07 2.26752E+07 2.18604E+07
1.00669E+07 1.01525E+07 9.89106E+06 9.99328E+06 9.90964E+06 2.16569E+07 2.23856E+07 2.23971E+07
1.00872E+07 1.03523E+07 1.01525E+07 9.72728E+06 1.04374E+07 2.24319E+07 2.16254E+07 2.23506E+07
9.88799E+06 1.05018E+07 9.94627E+06 9.94089E+06 9.98295E+06 2.25176E+07 2.20513E+07 2.24952E+07
1.01006E+07 1.04608E+07 9.97111E+06 9.77364E+06 1.02345E+07 2.12259E+07 2.28272E+07 2.29204E+07
9.81331E+06 9.82694E+06 9.85428E+06 1.00507E+07 1.02359E+07 2.10491E+07 2.21136E+07 2.19738E+07
9.87234E+06 1.01822E+07 9.99008E+06 9.98185E+06 1.02996E+07 2.19764E+07 2.27808E+07 2.23142E+07
1.00854E+07 9.83154E+06 9.94722E+06 1.0101E+07 1.0242E+07 2.19375E+07 2.30156E+07 2.14262E+07
1.00373E+07 9.96862E+06 9.65828E+06 9.60829E+06 9.76964E+06 2.12211E+07 2.17647E+07 2.2303E+07
1.01805E+07 1.0629E+07 1.01954E+07 1.0132E+07 1.02998E+07 2.25319E+07 2.30007E+07 2.24637E+07
1.01539E+07 1.04092E+07 1.02071E+07 1.02776E+07 9.6393E+06 2.20007E+07 2.21425E+07 2.25102E+07
1.01875E+07 9.90688E+06 1.00733E+07 1.0255E+07 1.06356E+07 2.2183E+07 2.15913E+07 2.12999E+07
9.85627E+06 1.0455E+07 1.00332E+07 9.93726E+06 1.02944E+07 2.20337E+07 2.27437E+07 2.29355E+07
1.00133E+07 1.01685E+07 1.0244E+07 9.88948E+06 1.05102E+07 2.14182E+07 2.29316E+07 2.10137E+07
9.95254E+06 1.00202E+07 9.89531E+06 9.50729E+06 9.87758E+06 2.11152E+07 2.23243E+07 2.25837E+07
1.01401E+07 1.03131E+07 9.70131E+06 1.01611E+07 1.03625E+07 2.15275E+07 2.2851E+07 2.2992E+07
9.80602E+06 9.8972E+06 1.0629E+07 1.01287E+07 1.00397E+07 2.16185E+07 2.1708E+07 2.22936E+07
1.02085E+07 1.0004E+07 9.98702E+06 9.98987E+06 1.0186E+07 2.21042E+07 2.23798E+07 2.21998E+07
9.81311E+06 1.0104E+07 1.04406E+07 9.86014E+06 1.01907E+07 2.22493E+07 2.21799E+07 2.23258E+07
1.04109E+07 9.53441E+06 9.78767E+06 1.02004E+07 1.0507E+07 2.27988E+07 2.27429E+07 2.2044E+07
9.92507E+06 1.02002E+07 1.01255E+07 1.0024E+07 1.01666E+07 2.25541E+07 2.3084E+07 2.16387E+07
9.92556E+06 1.03495E+07 1.03857E+07 1.03117E+07 1.00825E+07 2.25655E+07 2.13732E+07 2.24834E+07
1.00831E+07 1.0158E+07 1.03462E+07 9.92054E+06 9.94063E+06 2.11949E+07 2.27641E+07 2.25734E+07
1.01118E+07 1.04265E+07 9.67709E+06 1.00226E+07 1.00201E+07 2.15783E+07 2.25894E+07 2.2826E+07
1.04388E+07 1.02242E+07 1.0329E+07 1.00197E+07 1.02614E+07 2.14866E+07 2.29102E+07 2.23127E+07
1.01579E+07 1.01582E+07 1.03432E+07 9.97238E+06 9.99543E+06 2.19941E+07 2.24437E+07 2.25859E+07
1.03689E+07 1.02605E+07 9.87272E+06 1.0093E+07 1.01666E+07 2.23386E+07 2.19923E+07 2.29578E+07
1.0079E+07 1.03458E+07 9.88417E+06 1.01195E+07 9.78896E+06 2.26218E+07 2.21036E+07 2.24808E+07
1.00152E+07 1.02569E+07 1.04514E+07 9.44818E+06 1.01095E+07 2.18839E+07 2.2268E+07 2.23334E+07
9.77724E+06 1.03268E+07 1.0101E+07 1.013E+07 1.00405E+07 2.15035E+07 2.30122E+07 2.28017E+07
1.01378E+07 9.72482E+06 1.03486E+07 9.9205E+06 1.00496E+07 2.2288E+07 2.18743E+07 2.18684E+07
1.02877E+07 1.01184E+07 9.97278E+06 9.85228E+06 9.99219E+06 2.14142E+07 2.26366E+07 2.23665E+07
1.05888E+07 9.9383E+06 1.00952E+07 1.01094E+07 9.76309E+06 2.20784E+07 2.20165E+07 2.17383E+07
9.74352E+06 1.00283E+07 9.86263E+06 9.87058E+06 9.8803E+06 2.21988E+07 2.15489E+07 2.2869E+07
9.81492E+06 9.83993E+06 1.03017E+07 9.62921E+06 1.02312E+07 2.20637E+07 2.18987E+07 2.20213E+07
1.04057E+07 1.02079E+07 9.9047E+06 1.04005E+07 1.04431E+07 2.1981E+07 2.2913E+07 2.21312E+07
1.00754E+07 1.02282E+07 1.05116E+07 9.85474E+06 1.03806E+07 2.11766E+07 2.29898E+07 2.22605E+07
9.74479E+06 9.83577E+06 1.02497E+07 9.72223E+06 1.04364E+07 2.19541E+07 2.27184E+07 2.22126E+07
9.79359E+06 1.01063E+07 1.03404E+07 9.81125E+06 1.01363E+07 2.20513E+07 2.13952E+07 2.23462E+07
1.02006E+07 1.01691E+07 1.03713E+07 1.00277E+07 1.0125E+07 2.2847E+07 2.2882E+07 2.25452E+07
1.00657E+07 9.95983E+06 1.00469E+07 9.84053E+06 1.02064E+07 2.26602E+07 2.11888E+07 2.24608E+07
9.69026E+06 1.00918E+07 1.0126E+07 1.02218E+07 1.03067E+07 2.24076E+07 2.14831E+07 2.23474E+07
9.67366E+06 1.03445E+07 9.60118E+06 9.61603E+06 1.00346E+07 2.25208E+07 2.24E+07 2.25657E+07
1.01774E+07 1.02129E+07 9.60548E+06 9.6026E+06 1.00183E+07 2.22709E+07 2.21898E+07 2.2389E+07
1.02005E+07 9.83729E+06 9.55157E+06 9.70007E+06 9.97804E+06 2.12422E+07 2.19502E+07 2.15241E+07
1.00882E+07 1.00104E+07 9.97105E+06 9.88262E+06 1.00091E+07 2.20266E+07 2.30466E+07 2.23281E+07
1.04403E+07 1.01057E+07 9.9044E+06 9.67013E+06 9.87216E+06 2.19709E+07 2.22764E+07 2.10238E+07
1.0091E+07 1.05207E+07 1.03584E+07 9.74618E+06 9.74679E+06 2.09186E+07 2.25904E+07 2.23482E+07
1.01661E+07 9.82664E+06 1.03106E+07 9.88071E+06 9.94523E+06 2.2053E+07 2.27067E+07 2.18296E+07
9.692E+06 1.0047E+07 1.00059E+07 1.03861E+07 9.62406E+06 2.19338E+07 2.13037E+07 2.23744E+07
1.04264E+07 1.00755E+07 1.00303E+07 1.03031E+07 1.04697E+07 2.18094E+07 2.23528E+07 2.28121E+07
