# Open-loop AC simulation TT corner 27C summary
# amp id os cm vreg gbw pm av fom
N 0.000358606 -2.22045E-15 -0.00301521 2.39035 9.90745E+06 90.7568 36.3103 27.6277
B 0.000537894 -4.44089E-16 -0.00301536 2.39035 9.98084E+06 90.7584 36.3103 18.5554
M 0.000627538 1.11022E-15 -0.00301542 2.39035 9.93533E+06 90.7568 36.3103 15.8323
BN 0.000717181 1.11022E-15 -0.00301547 2.39035 9.87027E+06 91.1975 32.7886 13.7626
BM 0.000806825 4.44089E-16 -0.00301552 2.39035 9.92936E+06 90.757 36.3103 12.3067
NN 0.00143433 -1.11022E-15 -0.0030158 2.39035 2.17788E+07 60.9478 69.1947 15.184
NV 0.00143433 1.9984E-15 -0.0030158 2.39035 2.19084E+07 61.3406 69.2593 15.2743
MV 0.00152397 -6.66134E-16 -0.00301583 2.39035 2.2015E+07 61.0675 72.6724 14.4458
