# Open-loop AC simulation SS corner 0C summary
# amp id os cm vreg gbw pm av fom
N 0.000357703 -4.44089E-16 -0.00285376 2.65071 9.92525E+06 90.6786 37.1076 27.7472
B 0.000536537 4.44089E-16 -0.00285431 2.65071 9.99865E+06 90.6803 37.1076 18.6355
M 0.000625953 -4.44089E-16 -0.00285457 2.65071 9.95314E+06 90.6787 37.1076 15.9008
BN 0.00071537 6.66134E-16 -0.00285482 2.65071 9.88825E+06 91.0809 33.5859 13.8226
BM 0.000804786 4.44089E-16 -0.00285507 2.65071 9.94716E+06 90.6789 37.1076 12.36
NN 0.0014307 -1.55431E-15 -0.00285677 2.65071 2.07041E+07 62.9898 70.7523 14.4713
NV 0.0014307 -5.10703E-15 -0.00285677 2.65071 2.08291E+07 63.3579 70.8111 14.5587
MV 0.00152012 1.11022E-15 -0.00285701 2.65071 2.09171E+07 63.1382 74.1995 13.7602
