# Open-loop AC simulation FF corner 70C summary
# amp id os cm vreg gbw pm av fom
N 0.00036278 4.44089E-16 -0.00324708 2.13123 9.64953E+06 90.9057 34.958 26.5988
B 0.000544149 0 -0.00324724 2.13123 9.7213E+06 90.9073 34.958 17.8651
M 0.000634834 -4.44089E-16 -0.00324729 2.13123 9.6768E+06 90.9057 34.958 15.243
BN 0.000725518 -4.44089E-16 -0.00324733 2.13123 9.61265E+06 91.4202 31.4363 13.2494
BM 0.000816202 -1.55431E-15 -0.00324736 2.13123 9.67096E+06 90.9059 34.958 11.8487
NN 0.00145099 4.44089E-16 -0.00324748 2.13123 2.24328E+07 58.8606 66.531 15.4603
NV 0.00145099 2.22045E-16 -0.00324748 2.13123 2.25674E+07 59.2941 66.6066 15.5531
MV 0.00154167 -1.11022E-15 -0.00324749 2.13123 2.26924E+07 58.9309 70.0319 14.7194
